0,010000		99,999901		-0,010000		99,999954
0,020000		99,999702		-0,019999		99,999901
0,030000		99,999405		-0,029995		99,999855
0,040000		99,999008		-0,039986		99,999809
0,050000		99,998512		-0,049970		99,999763
0,060000		99,997910		-0,059945		99,999702
0,070000		99,997208		-0,069909		99,999649
0,080000		99,996407		-0,079860		99,999596
0,090000		99,995506		-0,089796		99,999535
0,100000		99,994507		-0,099716		99,999481
0,110000		99,993408		-0,109616		99,999413
0,120000		99,992210		-0,119496		99,999352
0,130000		99,990913		-0,129353		99,999283
0,140000		99,989525		-0,139186		99,999214
0,150000		99,988037		-0,148992		99,999138
0,160000		99,986450		-0,158770		99,999054
0,170000		99,984764		-0,168518		99,998962
0,180000		99,982979		-0,178234		99,998863
0,190000		99,981102		-0,187917		99,998756
0,200000		99,979126		-0,197564		99,998642
0,210000		99,977051		-0,207173		99,998512
0,220000		99,974884		-0,216744		99,998375
0,230000		99,972618		-0,226274		99,998215
0,240000		99,970261		-0,235762		99,998055
0,250000		99,967812		-0,245206		99,997871
0,260000		99,965263		-0,254605		99,997673
0,270000		99,962624		-0,263957		99,997459
0,280000		99,959892		-0,273260		99,997231
0,290000		99,957069		-0,282513		99,996979
0,300000		99,954155		-0,291715		99,996704
0,310000		99,951149		-0,300864		99,996407
0,320000		99,948051		-0,309959		99,996086
0,330000		99,944862		-0,318998		99,995743
0,340000		99,941582		-0,327981		99,995369
0,350000		99,938210		-0,336905		99,994965
0,360000		99,934753		-0,345770		99,994530
0,370000		99,931206		-0,354574		99,994064
0,380000		99,927574		-0,363317		99,993576
0,390000		99,923851		-0,371997		99,993042
0,400000		99,920044		-0,380613		99,992477
0,410000		99,916153		-0,389165		99,991875
0,420000		99,912178		-0,397650		99,991241
0,430000		99,908119		-0,406069		99,990562
0,440000		99,903976		-0,414420		99,989845
0,450000		99,899750		-0,422703		99,989090
0,460000		99,895439		-0,430916		99,988281
0,470000		99,891052		-0,439059		99,987442
0,480000		99,886581		-0,447131		99,986542
0,490000		99,882027		-0,455132		99,985596
0,500000		99,877396		-0,463061		99,984612
0,510000		99,872688		-0,470916		99,983566
0,520000		99,867905		-0,478699		99,982483
0,530000		99,863037		-0,486407		99,981331
0,540000		99,858093		-0,494041		99,980133
0,550000		99,853081		-0,501600		99,978882
0,560000		99,847992		-0,509084		99,977577
0,570000		99,842827		-0,516493		99,976212
0,580000		99,837585		-0,523825		99,974785
0,590000		99,832275		-0,531081		99,973297
0,600000		99,826889		-0,538261		99,971748
0,610000		99,821434		-0,545363		99,970146
0,620000		99,815910		-0,552389		99,968475
0,630000		99,810318		-0,559338		99,966751
0,640000		99,804657		-0,566209		99,964951
0,650000		99,798927		-0,573003		99,963097
0,660000		99,793129		-0,579720		99,961166
0,670000		99,787262		-0,586359		99,959167
0,680000		99,781334		-0,592921		99,957115
0,690000		99,775337		-0,599405		99,954979
0,700000		99,769279		-0,605813		99,952782
0,710000		99,763161		-0,612143		99,950523
0,720000		99,756973		-0,618395		99,948181
0,730000		99,750725		-0,624571		99,945770
0,740000		99,744415		-0,630670		99,943291
0,750000		99,738045		-0,636693		99,940735
0,760000		99,731621		-0,642639		99,938110
0,770000		99,725136		-0,648509		99,935417
0,780000		99,718590		-0,654304		99,932648
0,790000		99,711990		-0,660022		99,929802
0,800000		99,705330		-0,665666		99,926888
0,810000		99,698616		-0,671235		99,923897
0,820000		99,691849		-0,676730		99,920830
0,830000		99,685028		-0,682150		99,917694
0,839999		99,678154		-0,687497		99,914482
0,849999		99,671227		-0,692770		99,911194
0,859999		99,664246		-0,697971		99,907829
0,869999		99,657211		-0,703099		99,904388
0,879999		99,650131		-0,708156		99,900871
0,889999		99,642998		-0,713141		99,897285
0,899999		99,635818		-0,718055		99,893623
0,909999		99,628586		-0,722899		99,889877
0,919999		99,621307		-0,727673		99,886063
0,929999		99,613983		-0,732378		99,882172
0,939999		99,606613		-0,737014		99,878212
0,949999		99,599197		-0,741582		99,874168
0,959999		99,591736		-0,746083		99,870056
0,969999		99,584229		-0,750517		99,865868
0,979999		99,576683		-0,754884		99,861610
0,989999		99,569092		-0,759185		99,857269
0,999999		99,561455		-0,763422		99,852859
1,009999		99,553780		-0,767594		99,848381
1,019999		99,546066		-0,771702		99,843826
1,029999		99,538307		-0,775746		99,839195
1,039999		99,530510		-0,779728		99,834496
1,049999		99,522675		-0,783649		99,829727
1,059999		99,514801		-0,787508		99,824883
1,069999		99,506889		-0,791306		99,819969
1,079999		99,498940		-0,795044		99,814987
1,089999		99,490952		-0,798723		99,809929
1,099999		99,482925		-0,802344		99,804802
1,109999		99,474869		-0,805906		99,799614
1,119999		99,466774		-0,809411		99,794350
1,129999		99,458649		-0,812860		99,789017
1,139999		99,450485		-0,816252		99,783623
1,149999		99,442291		-0,819590		99,778152
1,159999		99,434059		-0,822873		99,772621
1,169999		99,425797		-0,826101		99,767021
1,179999		99,417503		-0,829277		99,761353
1,189999		99,409180		-0,832400		99,755623
1,199999		99,400826		-0,835471		99,749832
1,209999		99,392441		-0,838491		99,743973
1,219999		99,384026		-0,841460		99,738052
1,229999		99,375580		-0,844380		99,732071
1,239999		99,367104		-0,847250		99,726021
1,249999		99,358604		-0,850071		99,719917
1,259999		99,350075		-0,852845		99,713745
1,269999		99,341522		-0,855572		99,707527
1,279999		99,332939		-0,858252		99,701241
1,289999		99,324333		-0,860886		99,694893
1,299999		99,315697		-0,863475		99,688492
1,309999		99,307037		-0,866019		99,682030
1,319999		99,298355		-0,868519		99,675514
1,329999		99,289642		-0,870975		99,668938
1,339999		99,280907		-0,873389		99,662308
1,349999		99,272148		-0,875761		99,655624
1,359999		99,263367		-0,878092		99,648888
1,369999		99,254562		-0,880381		99,642097
1,379999		99,245735		-0,882631		99,635254
1,389999		99,236885		-0,884840		99,628357
1,399999		99,228012		-0,887011		99,621407
1,409999		99,219124		-0,889143		99,614410
1,419999		99,210213		-0,891237		99,607361
1,429999		99,201279		-0,893294		99,600266
1,439999		99,192322		-0,895314		99,593117
1,449999		99,183350		-0,897299		99,585922
1,459999		99,174355		-0,899247		99,578674
1,469999		99,165344		-0,901161		99,571388
1,479999		99,156311		-0,903040		99,564049
1,489999		99,147263		-0,904885		99,556671
1,499999		99,138199		-0,906697		99,549248
1,509999		99,129112		-0,908476		99,541779
1,519999		99,120010		-0,910222		99,534264
1,529999		99,110893		-0,911937		99,526711
1,539999		99,101753		-0,913621		99,519104
1,549999		99,092598		-0,915274		99,511459
1,559999		99,083427		-0,916897		99,503777
1,569999		99,074242		-0,918490		99,496056
1,579999		99,065041		-0,920054		99,488289
1,589999		99,055824		-0,921589		99,480484
1,599999		99,046593		-0,923095		99,472649
1,609999		99,037346		-0,924574		99,464767
1,619999		99,028084		-0,926026		99,456848
1,629999		99,018806		-0,927451		99,448891
1,639999		99,009521		-0,928849		99,440903
1,649999		99,000221		-0,930221		99,432877
1,659999		98,990906		-0,931568		99,424812
1,669999		98,981575		-0,932890		99,416718
1,679999		98,972237		-0,934187		99,408592
1,689999		98,962883		-0,935460		99,400429
1,699999		98,953514		-0,936709		99,392227
1,709999		98,944138		-0,937935		99,383995
1,719999		98,934746		-0,939138		99,375732
1,729999		98,925346		-0,940318		99,367447
1,739999		98,915932		-0,941476		99,359123
1,749999		98,906502		-0,942612		99,350761
1,759999		98,897064		-0,943727		99,342377
1,769999		98,887619		-0,944821		99,333961
1,779999		98,878159		-0,945894		99,325516
1,789999		98,868690		-0,946947		99,317047
1,799999		98,859207		-0,947980		99,308540
1,809999		98,849716		-0,948993		99,300011
1,819999		98,840218		-0,949987		99,291458
1,829999		98,830711		-0,950963		99,282875
1,839999		98,821190		-0,951919		99,274261
1,849999		98,811661		-0,952858		99,265633
1,859999		98,802124		-0,953778		99,256973
1,869999		98,792580		-0,954681		99,248291
1,879999		98,783028		-0,955567		99,239578
1,889999		98,773460		-0,956436		99,230843
1,899999		98,763885		-0,957288		99,222084
1,909999		98,754303		-0,958124		99,213303
1,919999		98,744713		-0,958944		99,204498
1,929999		98,735115		-0,959749		99,195671
1,939999		98,725510		-0,960537		99,186829
1,949998		98,715897		-0,961311		99,177956
1,959998		98,706276		-0,962070		99,169067
1,969998		98,696648		-0,962814		99,160156
1,979998		98,687012		-0,963544		99,151222
1,989998		98,677368		-0,964260		99,142265
1,999998		98,667717		-0,964962		99,133293
2,009999		98,658058		-0,965650		99,124298
2,019999		98,648392		-0,966326		99,115288
2,029999		98,638725		-0,966988		99,106255
2,039999		98,629051		-0,967637		99,097214
2,049999		98,619370		-0,968274		99,088150
2,059999		98,609680		-0,968898		99,079063
2,069999		98,599983		-0,969511		99,069962
2,079998		98,590279		-0,970111		99,060837
2,089998		98,580574		-0,970700		99,051704
2,099998		98,570862		-0,971277		99,042549
2,109998		98,561142		-0,971844		99,033379
2,119998		98,551414		-0,972399		99,024193
2,129998		98,541687		-0,972943		99,014999
2,139998		98,531952		-0,973477		99,005783
2,149998		98,522209		-0,974001		98,996552
2,159998		98,512466		-0,974514		98,987305
2,169998		98,502716		-0,975017		98,978043
2,179998		98,492958		-0,975510		98,968765
2,189998		98,483200		-0,975994		98,959480
2,199998		98,473434		-0,976469		98,950180
2,209998		98,463669		-0,976934		98,940872
2,219998		98,453896		-0,977390		98,931541
2,229998		98,444115		-0,977837		98,922195
2,239998		98,434334		-0,978275		98,912842
2,249998		98,424545		-0,978705		98,903481
2,259998		98,414757		-0,979126		98,894104
2,269998		98,404961		-0,979539		98,884712
2,279998		98,395164		-0,979944		98,875313
2,289998		98,385361		-0,980341		98,865898
2,299998		98,375557		-0,980731		98,856476
2,309998		98,365746		-0,981112		98,847038
2,319998		98,355934		-0,981487		98,837593
2,329998		98,346115		-0,981853		98,828133
2,339998		98,336296		-0,982213		98,818665
2,349998		98,326469		-0,982566		98,809189
2,359998		98,316643		-0,982911		98,799698
2,369998		98,306808		-0,983250		98,790199
2,379998		98,296974		-0,983582		98,780693
2,389998		98,287132		-0,983908		98,771172
2,399998		98,277290		-0,984227		98,761642
2,409998		98,267448		-0,984540		98,752106
2,419998		98,257599		-0,984847		98,742561
2,429998		98,247749		-0,985148		98,733009
2,439998		98,237892		-0,985443		98,723442
2,449998		98,228035		-0,985732		98,713867
2,459998		98,218178		-0,986015		98,704292
2,469998		98,208313		-0,986293		98,694702
2,479998		98,198448		-0,986565		98,685104
2,489998		98,188583		-0,986832		98,675499
2,499998		98,178711		-0,987094		98,665886
2,509998		98,168839		-0,987350		98,656265
2,519998		98,158966		-0,987601		98,646645
2,529998		98,149086		-0,987848		98,637009
2,539998		98,139206		-0,988089		98,627365
2,549998		98,129326		-0,988326		98,617722
2,559998		98,119438		-0,988558		98,608063
2,569998		98,109550		-0,988786		98,598396
2,579998		98,099663		-0,989009		98,588730
2,589998		98,089767		-0,989228		98,579056
2,599998		98,079872		-0,989442		98,569366
2,609998		98,069977		-0,989652		98,559685
2,619998		98,060081		-0,989858		98,549988
2,629998		98,050179		-0,990060		98,540291
2,639998		98,040276		-0,990257		98,530579
2,649998		98,030373		-0,990451		98,520866
2,659998		98,020470		-0,990641		98,511154
2,669998		98,010559		-0,990828		98,501427
2,679998		98,000648		-0,991010		98,491699
2,689998		97,990738		-0,991189		98,481964
2,699998		97,980827		-0,991365		98,472229
2,709998		97,970909		-0,991537		98,462479
2,719998		97,960991		-0,991705		98,452728
2,729998		97,951073		-0,991870		98,442978
2,739998		97,941154		-0,992032		98,433220
2,749998		97,931236		-0,992191		98,423454
2,759998		97,921310		-0,992347		98,413689
2,769998		97,911385		-0,992499		98,403915
2,779998		97,901459		-0,992649		98,394135
2,789998		97,891533		-0,992795		98,384354
2,799998		97,881607		-0,992939		98,374573
2,809998		97,871674		-0,993079		98,364777
2,819998		97,861740		-0,993217		98,354980
2,829998		97,851807		-0,993353		98,345184
2,839998		97,841873		-0,993485		98,335381
2,849998		97,831940		-0,993615		98,325577
2,859998		97,821999		-0,993742		98,315758
2,869998		97,812057		-0,993867		98,305946
2,879998		97,802116		-0,993989		98,296127
2,889998		97,792175		-0,994109		98,286301
2,899998		97,782234		-0,994227		98,276474
2,909998		97,772293		-0,994342		98,266647
2,919998		97,762352		-0,994455		98,256821
2,929998		97,752403		-0,994565		98,246986
2,939998		97,742455		-0,994674		98,237144
2,949998		97,732506		-0,994780		98,227303
2,959998		97,722557		-0,994884		98,217453
2,969998		97,712608		-0,994986		98,207603
2,979998		97,702660		-0,995086		98,197762
2,989998		97,692711		-0,995184		98,187904
2,999998		97,682755		-0,995280		98,178047
3,009998		97,672798		-0,995374		98,168182
3,019998		97,662842		-0,995467		98,158318
3,029998		97,652885		-0,995557		98,148453
3,039998		97,642929		-0,995646		98,138588
3,049998		97,632973		-0,995733		98,128716
3,059998		97,623016		-0,995818		98,118843
3,069998		97,613060		-0,995901		98,108971
3,079998		97,603104		-0,995983		98,099098
3,089998		97,593140		-0,996063		98,089211
3,099998		97,583176		-0,996142		98,079323
3,109998		97,573212		-0,996219		98,069435
3,119998		97,563248		-0,996294		98,059547
3,129997		97,553284		-0,996368		98,049660
3,139997		97,543320		-0,996441		98,039764
3,149997		97,533356		-0,996512		98,029877
3,159997		97,523392		-0,996581		98,019981
3,169997		97,513428		-0,996650		98,010086
3,179997		97,503464		-0,996717		98,000183
3,189997		97,493492		-0,996782		97,990280
3,199997		97,483521		-0,996846		97,980370
3,209997		97,473549		-0,996909		97,970467
3,219997		97,463577		-0,996971		97,960556
3,229997		97,453606		-0,997032		97,950638
3,239997		97,443634		-0,997091		97,940727
3,249997		97,433662		-0,997149		97,930817
3,259997		97,423691		-0,997206		97,920898
3,269997		97,413719		-0,997262		97,910988
3,279997		97,403748		-0,997316		97,901070
3,289997		97,393776		-0,997370		97,891151
3,299997		97,383804		-0,997423		97,881233
3,309997		97,373833		-0,997474		97,871307
3,319997		97,363861		-0,997524		97,861389
3,329997		97,353882		-0,997574		97,851456
3,339997		97,343903		-0,997622		97,841530
3,349997		97,333923		-0,997670		97,831596
3,359997		97,323944		-0,997716		97,821663
3,369997		97,313965		-0,997762		97,811729
3,379997		97,303986		-0,997807		97,801796
3,389997		97,294006		-0,997851		97,791862
3,399997		97,284027		-0,997894		97,781921
3,409997		97,274048		-0,997936		97,771988
3,419997		97,264069		-0,997977		97,762047
3,429997		97,254089		-0,998017		97,752106
3,439997		97,244110		-0,998057		97,742172
3,449997		97,234131		-0,998096		97,732231
3,459997		97,224152		-0,998134		97,722290
3,469997		97,214172		-0,998171		97,712341
3,479997		97,204193		-0,998208		97,702400
3,489997		97,194214		-0,998243		97,692459
3,499997		97,184235		-0,998278		97,682518
3,509997		97,174248		-0,998313		97,672562
3,519997		97,164261		-0,998347		97,662605
3,529997		97,154274		-0,998380		97,652657
3,539997		97,144287		-0,998412		97,642700
3,549997		97,134300		-0,998444		97,632744
3,559997		97,124313		-0,998475		97,622787
3,569997		97,114326		-0,998505		97,612831
3,579997		97,104340		-0,998535		97,602875
3,589997		97,094353		-0,998564		97,592918
3,599997		97,084366		-0,998593		97,582962
3,609997		97,074379		-0,998621		97,572998
3,619997		97,064392		-0,998649		97,563042
3,629997		97,054405		-0,998676		97,553085
3,639997		97,044418		-0,998702		97,543121
3,649997		97,034431		-0,998728		97,533157
3,659997		97,024445		-0,998754		97,523201
3,669997		97,014458		-0,998778		97,513237
3,679997		97,004471		-0,998803		97,503273
3,689997		96,994484		-0,998827		97,493309
3,699997		96,984497		-0,998850		97,483345
3,709997		96,974510		-0,998873		97,473381
3,719997		96,964523		-0,998896		97,463417
3,729997		96,954536		-0,998918		97,453453
3,739997		96,944550		-0,998939		97,443489
3,749997		96,934563		-0,998961		97,433525
3,759997		96,924576		-0,998981		97,423561
3,769997		96,914589		-0,999002		97,413589
3,779997		96,904602		-0,999022		97,403625
3,789997		96,894615		-0,999041		97,393654
3,799997		96,884628		-0,999061		97,383690
3,809997		96,874634		-0,999079		97,373711
3,819997		96,864639		-0,999098		97,363739
3,829997		96,854645		-0,999116		97,353760
3,839997		96,844650		-0,999134		97,343781
3,849997		96,834656		-0,999151		97,333809
3,859997		96,824661		-0,999168		97,323830
3,869997		96,814667		-0,999184		97,313850
3,879997		96,804672		-0,999201		97,303871
3,889997		96,794678		-0,999217		97,293892
3,899997		96,784683		-0,999232		97,283913
3,909997		96,774689		-0,999248		97,273933
3,919997		96,764694		-0,999263		97,263954
3,929997		96,754700		-0,999278		97,253975
3,939997		96,744705		-0,999292		97,243996
3,949997		96,734711		-0,999306		97,234016
3,959997		96,724716		-0,999320		97,224037
3,969997		96,714722		-0,999334		97,214058
3,979997		96,704727		-0,999347		97,204071
3,989997		96,694733		-0,999360		97,194092
3,999997		96,684738		-0,999373		97,184113
4,009997		96,674744		-0,999385		97,174126
4,019997		96,664749		-0,999398		97,164146
4,029997		96,654755		-0,999410		97,154167
4,039998		96,644760		-0,999421		97,144180
4,049998		96,634766		-0,999433		97,134201
4,059998		96,624771		-0,999444		97,124214
4,069998		96,614777		-0,999455		97,114235
4,079998		96,604782		-0,999466		97,104248
4,089999		96,594788		-0,999477		97,094261
4,099999		96,584793		-0,999487		97,084282
4,109999		96,574799		-0,999498		97,074295
4,119999		96,564804		-0,999508		97,064308
4,130000		96,554810		-0,999518		97,054329
4,140000		96,544815		-0,999527		97,044342
4,150000		96,534821		-0,999537		97,034355
4,160000		96,524826		-0,999546		97,024368
4,170001		96,514832		-0,999555		97,014389
4,180001		96,504837		-0,999564		97,004402
4,190001		96,494843		-0,999573		96,994415
4,200001		96,484848		-0,999581		96,984428
4,210001		96,474854		-0,999590		96,974442
4,220002		96,464859		-0,999598		96,964455
4,230002		96,454865		-0,999606		96,954468
4,240002		96,444870		-0,999614		96,944481
4,250002		96,434875		-0,999621		96,934494
4,260003		96,424881		-0,999629		96,924507
4,270003		96,414886		-0,999636		96,914520
4,280003		96,404892		-0,999644		96,904533
4,290003		96,394897		-0,999651		96,894547
4,300004		96,384903		-0,999658		96,884560
4,310004		96,374908		-0,999665		96,874573
4,320004		96,364914		-0,999671		96,864586
4,330004		96,354919		-0,999678		96,854599
4,340004		96,344925		-0,999684		96,844612
4,350005		96,334930		-0,999691		96,834618
4,360005		96,324936		-0,999697		96,824631
4,370005		96,314941		-0,999703		96,814644
4,380005		96,304947		-0,999709		96,804657
4,390006		96,294952		-0,999715		96,794670
4,400006		96,284958		-0,999720		96,784676
4,410006		96,274963		-0,999726		96,774689
4,420006		96,264969		-0,999732		96,764702
4,430007		96,254974		-0,999737		96,754715
4,440007		96,244980		-0,999742		96,744720
4,450007		96,234985		-0,999747		96,734734
4,460007		96,224991		-0,999752		96,724747
4,470007		96,214996		-0,999757		96,714752
4,480008		96,205002		-0,999762		96,704765
4,490008		96,195007		-0,999767		96,694771
4,500008		96,185013		-0,999772		96,684784
4,510008		96,175018		-0,999776		96,674797
4,520009		96,165024		-0,999781		96,664803
4,530009		96,155029		-0,999785		96,654816
4,540009		96,145035		-0,999789		96,644821
4,550009		96,135040		-0,999794		96,634834
4,560009		96,125046		-0,999798		96,624840
4,570010		96,115051		-0,999802		96,614853
4,580010		96,105057		-0,999806		96,604866
4,590010		96,095062		-0,999810		96,594872
4,600010		96,085068		-0,999813		96,584885
4,610011		96,075073		-0,999817		96,574890
4,620011		96,065079		-0,999821		96,564903
4,630011		96,055084		-0,999824		96,554909
4,640011		96,045090		-0,999828		96,544914
4,650012		96,035095		-0,999831		96,534927
4,660012		96,025093		-0,999835		96,524925
4,670012		96,015091		-0,999838		96,514931
4,680012		96,005089		-0,999841		96,504929
4,690012		95,995087		-0,999844		96,494934
4,700013		95,985085		-0,999848		96,484932
4,710013		95,975082		-0,999851		96,474930
4,720013		95,965080		-0,999854		96,464935
4,730013		95,955078		-0,999856		96,454933
4,740014		95,945076		-0,999859		96,444939
4,750014		95,935074		-0,999862		96,434937
4,760014		95,925072		-0,999865		96,424934
4,770014		95,915070		-0,999868		96,414940
4,780015		95,905067		-0,999870		96,404938
4,790015		95,895065		-0,999873		96,394936
4,800015		95,885063		-0,999875		96,384941
4,810015		95,875061		-0,999878		96,374939
4,820015		95,865059		-0,999880		96,364937
4,830016		95,855057		-0,999883		96,354942
4,840016		95,845055		-0,999885		96,344940
4,850016		95,835052		-0,999887		96,334938
4,860016		95,825050		-0,999890		96,324944
4,870017		95,815048		-0,999892		96,314941
4,880017		95,805046		-0,999894		96,304939
4,890017		95,795044		-0,999896		96,294937
4,900017		95,785042		-0,999898		96,284943
4,910017		95,775040		-0,999900		96,274940
4,920018		95,765038		-0,999902		96,264938
4,930018		95,755035		-0,999904		96,254936
4,940018		95,745033		-0,999906		96,244942
4,950018		95,735031		-0,999908		96,234940
4,960019		95,725029		-0,999910		96,224937
4,970019		95,715027		-0,999912		96,214935
4,980019		95,705025		-0,999913		96,204941
4,990019		95,695023		-0,999915		96,194939
5,000020		95,685020		-0,999917		96,184937
5,010020		95,675018		-0,999918		96,174934
5,020020		95,665016		-0,999920		96,164940
5,030020		95,655014		-0,999922		96,154938
5,040020		95,645012		-0,999923		96,144936
5,050021		95,635010		-0,999925		96,134933
5,060021		95,625008		-0,999926		96,124931
5,070021		95,615005		-0,999928		96,114937
5,080021		95,605003		-0,999929		96,104935
5,090022		95,595001		-0,999931		96,094933
5,100022		95,584999		-0,999932		96,084930
5,110022		95,574997		-0,999933		96,074928
5,120022		95,564995		-0,999935		96,064926
5,130023		95,554993		-0,999936		96,054932
5,140023		95,544991		-0,999937		96,044930
5,150023		95,534988		-0,999938		96,034927
5,160023		95,524986		-0,999940		96,024925
5,170023		95,514984		-0,999941		96,014923
5,180024		95,504982		-0,999942		96,004921
5,190024		95,494980		-0,999943		95,994926
5,200024		95,484978		-0,999944		95,984924
5,210024		95,474976		-0,999946		95,974922
5,220025		95,464973		-0,999947		95,964920
5,230025		95,454971		-0,999948		95,954918
5,240025		95,444969		-0,999949		95,944916
5,250025		95,434967		-0,999950		95,934914
5,260026		95,424965		-0,999951		95,924919
5,270026		95,414963		-0,999952		95,914917
5,280026		95,404961		-0,999953		95,904915
5,290026		95,394958		-0,999954		95,894913
5,300026		95,384956		-0,999955		95,884911
5,310027		95,374954		-0,999956		95,874908
5,320027		95,364952		-0,999956		95,864906
5,330027		95,354950		-0,999957		95,854904
5,340027		95,344948		-0,999958		95,844910
5,350028		95,334946		-0,999959		95,834908
5,360028		95,324944		-0,999960		95,824905
5,370028		95,314941		-0,999961		95,814903
5,380028		95,304939		-0,999961		95,804901
5,390028		95,294937		-0,999962		95,794899
5,400029		95,284935		-0,999963		95,784897
5,410029		95,274933		-0,999964		95,774895
5,420029		95,264931		-0,999964		95,764893
5,430029		95,254929		-0,999965		95,754890
5,440030		95,244926		-0,999966		95,744896
5,450030		95,234924		-0,999966		95,734894
5,460030		95,224922		-0,999967		95,724892
5,470030		95,214920		-0,999968		95,714890
5,480031		95,204918		-0,999968		95,704887
5,490031		95,194916		-0,999969		95,694885
5,500031		95,184914		-0,999970		95,684883
5,510031		95,174911		-0,999970		95,674881
5,520031		95,164909		-0,999971		95,664879
5,530032		95,154907		-0,999971		95,654877
5,540032		95,144905		-0,999972		95,644875
5,550032		95,134903		-0,999973		95,634872
5,560032		95,124901		-0,999973		95,624870
5,570033		95,114899		-0,999974		95,614876
5,580033		95,104897		-0,999974		95,604874
5,590033		95,094894		-0,999975		95,594872
5,600033		95,084892		-0,999975		95,584869
5,610034		95,074890		-0,999976		95,574867
5,620034		95,064888		-0,999976		95,564865
5,630034		95,054886		-0,999977		95,554863
5,640034		95,044884		-0,999977		95,544861
5,650034		95,034882		-0,999978		95,534859
5,660035		95,024879		-0,999978		95,524857
5,670035		95,014877		-0,999978		95,514854
5,680035		95,004875		-0,999979		95,504852
5,690035		94,994873		-0,999979		95,494850
5,700036		94,984871		-0,999980		95,484848
5,710036		94,974869		-0,999980		95,474846
5,720036		94,964867		-0,999981		95,464844
5,730036		94,954865		-0,999981		95,454849
5,740036		94,944862		-0,999981		95,444847
5,750037		94,934860		-0,999982		95,434845
5,760037		94,924858		-0,999982		95,424843
5,770037		94,914856		-0,999982		95,414841
5,780037		94,904854		-0,999983		95,404839
5,790038		94,894852		-0,999983		95,394836
5,800038		94,884850		-0,999983		95,384834
5,810038		94,874847		-0,999984		95,374832
5,820038		94,864845		-0,999984		95,364830
5,830039		94,854843		-0,999984		95,354828
5,840039		94,844841		-0,999985		95,344826
5,850039		94,834839		-0,999985		95,334824
5,860039		94,824837		-0,999985		95,324821
5,870039		94,814835		-0,999986		95,314819
5,880040		94,804832		-0,999986		95,304817
5,890040		94,794830		-0,999986		95,294815
5,900040		94,784828		-0,999987		95,284813
5,910040		94,774826		-0,999987		95,274811
5,920041		94,764824		-0,999987		95,264809
5,930041		94,754822		-0,999987		95,254807
5,940041		94,744820		-0,999988		95,244804
5,950041		94,734818		-0,999988		95,234802
5,960042		94,724815		-0,999988		95,224800
5,970042		94,714813		-0,999988		95,214798
5,980042		94,704811		-0,999988		95,204796
5,990042		94,694809		-0,999989		95,194801
6,000042		94,684807		-0,999989		95,184799
6,010043		94,674805		-0,999989		95,174797
6,020043		94,664803		-0,999989		95,164795
6,030043		94,654800		-0,999990		95,154793
6,040043		94,644798		-0,999990		95,144791
6,050044		94,634796		-0,999990		95,134789
6,060044		94,624794		-0,999990		95,124786
6,070044		94,614792		-0,999990		95,114784
6,080044		94,604790		-0,999991		95,104782
6,090044		94,594788		-0,999991		95,094780
6,100045		94,584785		-0,999991		95,084778
6,110045		94,574783		-0,999991		95,074776
6,120045		94,564781		-0,999991		95,064774
6,130045		94,554779		-0,999991		95,054771
6,140046		94,544777		-0,999992		95,044769
6,150046		94,534775		-0,999992		95,034767
6,160046		94,524773		-0,999992		95,024765
6,170046		94,514771		-0,999992		95,014763
6,180047		94,504768		-0,999992		95,004761
6,190047		94,494766		-0,999993		94,994759
6,200047		94,484764		-0,999993		94,984756
6,210047		94,474762		-0,999993		94,974754
6,220047		94,464760		-0,999993		94,964752
6,230048		94,454758		-0,999993		94,954750
6,240048		94,444756		-0,999993		94,944748
6,250048		94,434753		-0,999993		94,934746
6,260048		94,424751		-0,999993		94,924744
6,270049		94,414749		-0,999994		94,914742
6,280049		94,404747		-0,999994		94,904739
6,290049		94,394745		-0,999994		94,894737
6,300049		94,384743		-0,999994		94,884735
6,310050		94,374741		-0,999994		94,874733
6,320050		94,364738		-0,999994		94,864731
6,330050		94,354736		-0,999994		94,854729
6,340050		94,344734		-0,999994		94,844727
6,350050		94,334732		-0,999994		94,834724
6,360051		94,324730		-0,999995		94,824722
6,370051		94,314728		-0,999995		94,814720
6,380051		94,304726		-0,999995		94,804718
6,390051		94,294724		-0,999995		94,794716
6,400052		94,284721		-0,999995		94,784714
6,410052		94,274719		-0,999995		94,774712
6,420052		94,264717		-0,999995		94,764709
6,430052		94,254715		-0,999995		94,754707
6,440053		94,244713		-0,999996		94,744705
6,450053		94,234711		-0,999996		94,734703
6,460053		94,224709		-0,999996		94,724701
6,470053		94,214706		-0,999996		94,714699
6,480053		94,204704		-0,999996		94,704697
6,490054		94,194702		-0,999996		94,694695
6,500054		94,184700		-0,999996		94,684692
6,510054		94,174698		-0,999996		94,674690
6,520054		94,164696		-0,999996		94,664688
6,530055		94,154694		-0,999996		94,654686
6,540055		94,144691		-0,999996		94,644684
6,550055		94,134689		-0,999996		94,634689
6,560055		94,124687		-0,999996		94,624687
6,570055		94,114685		-0,999996		94,614685
6,580056		94,104683		-0,999996		94,604683
6,590056		94,094681		-0,999996		94,594681
6,600056		94,084679		-0,999996		94,584679
6,610056		94,074677		-0,999997		94,574677
6,620057		94,064674		-0,999997		94,564674
6,630057		94,054672		-0,999997		94,554672
6,640057		94,044670		-0,999997		94,544670
6,650057		94,034668		-0,999997		94,534668
6,660058		94,024666		-0,999997		94,524666
6,670058		94,014664		-0,999997		94,514664
6,680058		94,004662		-0,999997		94,504662
6,690058		93,994659		-0,999997		94,494659
6,700058		93,984657		-0,999997		94,484657
6,710059		93,974655		-0,999997		94,474655
6,720059		93,964653		-0,999997		94,464653
6,730059		93,954651		-0,999997		94,454651
6,740059		93,944649		-0,999997		94,444649
6,750060		93,934647		-0,999997		94,434647
6,760060		93,924644		-0,999997		94,424644
6,770060		93,914642		-0,999997		94,414642
6,780060		93,904640		-0,999998		94,404640
6,790061		93,894638		-0,999998		94,394638
6,800061		93,884636		-0,999998		94,384636
6,810061		93,874634		-0,999998		94,374634
6,820061		93,864632		-0,999998		94,364632
6,830061		93,854630		-0,999998		94,354630
6,840062		93,844627		-0,999998		94,344627
6,850062		93,834625		-0,999998		94,334625
6,860062		93,824623		-0,999998		94,324623
6,870062		93,814621		-0,999998		94,314621
6,880063		93,804619		-0,999998		94,304619
6,890063		93,794617		-0,999998		94,294617
6,900063		93,784615		-0,999998		94,284615
6,910063		93,774612		-0,999998		94,274612
6,920063		93,764610		-0,999998		94,264610
6,930064		93,754608		-0,999998		94,254608
6,940064		93,744606		-0,999999		94,244606
6,950064		93,734604		-0,999999		94,234604
6,960064		93,724602		-0,999999		94,224602
6,970065		93,714600		-0,999999		94,214600
6,980065		93,704597		-0,999999		94,204597
6,990065		93,694595		-0,999999		94,194595
7,000065		93,684593		-0,999999		94,184593
7,010066		93,674591		-0,999999		94,174591
7,020066		93,664589		-0,999999		94,164589
7,030066		93,654587		-0,999999		94,154587
7,040066		93,644585		-0,999999		94,144585
7,050066		93,634583		-0,999999		94,134583
7,060067		93,624580		-0,999999		94,124580
7,070067		93,614578		-0,999999		94,114578
7,080067		93,604576		-0,999999		94,104576
7,090067		93,594574		-0,999999		94,094574
7,100068		93,584572		-0,999999		94,084572
7,110068		93,574570		-0,999999		94,074570
7,120068		93,564568		-0,999999		94,064568
7,130068		93,554565		-0,999999		94,054565
7,140069		93,544563		-0,999999		94,044563
7,150069		93,534561		-0,999999		94,034561
7,160069		93,524559		-0,999999		94,024559
7,170069		93,514557		-0,999999		94,014557
7,180069		93,504555		-0,999999		94,004555
7,190070		93,494553		-0,999999		93,994553
7,200070		93,484550		-0,999999		93,984550
7,210070		93,474548		-0,999999		93,974548
7,220070		93,464546		-0,999999		93,964546
7,230071		93,454544		-0,999999		93,954544
7,240071		93,444542		-0,999999		93,944542
7,250071		93,434540		-0,999999		93,934540
7,260071		93,424538		-0,999999		93,924538
7,270072		93,414536		-0,999999		93,914536
7,280072		93,404533		-0,999999		93,904533
7,290072		93,394531		-0,999999		93,894531
7,300072		93,384529		-0,999999		93,884529
7,310072		93,374527		-0,999999		93,874527
7,320073		93,364525		-0,999999		93,864525
7,330073		93,354523		-0,999999		93,854523
7,340073		93,344521		-0,999999		93,844521
7,350073		93,334518		-0,999999		93,834518
7,360074		93,324516		-0,999999		93,824516
7,370074		93,314514		-0,999999		93,814514
7,380074		93,304512		-0,999999		93,804512
7,390074		93,294510		-0,999999		93,794510
7,400074		93,284508		-0,999999		93,784508
7,410075		93,274506		-0,999999		93,774506
7,420075		93,264503		-0,999999		93,764503
7,430075		93,254501		-0,999999		93,754501
7,440075		93,244499		-0,999999		93,744499
7,450076		93,234497		-0,999999		93,734497
7,460076		93,224495		-0,999999		93,724495
7,470076		93,214493		-0,999999		93,714493
7,480076		93,204491		-0,999999		93,704491
7,490077		93,194489		-0,999999		93,694489
7,500077		93,184486		-0,999999		93,684486
7,510077		93,174484		-0,999999		93,674484
7,520077		93,164482		-0,999999		93,664482
7,530077		93,154480		-0,999999		93,654480
7,540078		93,144478		-0,999999		93,644478
7,550078		93,134476		-0,999999		93,634476
7,560078		93,124474		-0,999999		93,624474
7,570078		93,114471		-0,999999		93,614471
7,580079		93,104469		-0,999999		93,604469
7,590079		93,094467		-0,999999		93,594467
7,600079		93,084465		-0,999999		93,584465
7,610079		93,074463		-0,999999		93,574463
7,620080		93,064461		-0,999999		93,564461
7,630080		93,054459		-0,999999		93,554459
7,640080		93,044456		-0,999999		93,544456
7,650080		93,034454		-0,999999		93,534454
7,660080		93,024452		-0,999999		93,524452
7,670081		93,014450		-0,999999		93,514450
7,680081		93,004448		-0,999999		93,504448
7,690081		92,994446		-0,999999		93,494446
7,700081		92,984444		-0,999999		93,484444
7,710082		92,974442		-0,999999		93,474442
7,720082		92,964439		-0,999999		93,464439
7,730082		92,954437		-0,999999		93,454437
7,740082		92,944435		-0,999999		93,444435
7,750082		92,934433		-0,999999		93,434433
7,760083		92,924431		-0,999999		93,424431
7,770083		92,914429		-0,999999		93,414429
7,780083		92,904427		-0,999999		93,404427
7,790083		92,894424		-0,999999		93,394424
7,800084		92,884422		-0,999999		93,384422
7,810084		92,874420		-0,999999		93,374420
7,820084		92,864418		-0,999999		93,364418
7,830084		92,854416		-0,999999		93,354416
7,840085		92,844414		-0,999999		93,344414
7,850085		92,834412		-0,999999		93,334412
7,860085		92,824409		-0,999999		93,324409
7,870085		92,814407		-0,999999		93,314407
7,880085		92,804405		-0,999999		93,304405
7,890086		92,794403		-0,999999		93,294403
7,900086		92,784401		-0,999999		93,284401
7,910086		92,774399		-0,999999		93,274399
7,920086		92,764397		-0,999999		93,264397
7,930087		92,754395		-0,999999		93,254395
7,940087		92,744392		-0,999999		93,244392
7,950087		92,734390		-0,999999		93,234390
7,960087		92,724388		-0,999999		93,224388
7,970088		92,714386		-0,999999		93,214386
7,980088		92,704384		-0,999999		93,204384
7,990088		92,694382		-0,999999		93,194382
8,000088		92,684380		-0,999999		93,184380
8,010088		92,674377		-0,999999		93,174377
8,020088		92,664375		-0,999999		93,164375
8,030088		92,654373		-0,999999		93,154373
8,040089		92,644371		-0,999999		93,144371
8,050089		92,634369		-0,999999		93,134369
8,060089		92,624367		-0,999999		93,124367
8,070089		92,614365		-0,999999		93,114365
8,080090		92,604362		-0,999999		93,104362
8,090090		92,594360		-0,999999		93,094360
8,100090		92,584358		-0,999999		93,084358
8,110090		92,574356		-0,999999		93,074356
8,120090		92,564354		-0,999999		93,064354
8,130091		92,554352		-0,999999		93,054352
8,140091		92,544350		-0,999999		93,044350
8,150091		92,534348		-0,999999		93,034348
8,160091		92,524345		-0,999999		93,024345
8,170092		92,514343		-0,999999		93,014343
8,180092		92,504341		-0,999999		93,004341
8,190092		92,494339		-0,999999		92,994339
8,200092		92,484337		-0,999999		92,984337
8,210093		92,474335		-0,999999		92,974335
8,220093		92,464333		-0,999999		92,964333
8,230093		92,454330		-0,999999		92,954330
8,240093		92,444328		-0,999999		92,944328
8,250093		92,434326		-0,999999		92,934326
8,260094		92,424324		-0,999999		92,924324
8,270094		92,414322		-0,999999		92,914322
8,280094		92,404320		-0,999999		92,904320
8,290094		92,394318		-0,999999		92,894318
8,300095		92,384315		-0,999999		92,884315
8,310095		92,374313		-0,999999		92,874313
8,320095		92,364311		-0,999999		92,864311
8,330095		92,354309		-0,999999		92,854309
8,340096		92,344307		-0,999999		92,844307
8,350096		92,334305		-0,999999		92,834305
8,360096		92,324303		-0,999999		92,824303
8,370096		92,314301		-0,999999		92,814301
8,380096		92,304298		-0,999999		92,804298
8,390097		92,294296		-0,999999		92,794296
8,400097		92,284294		-0,999999		92,784294
8,410097		92,274292		-0,999999		92,774292
8,420097		92,264290		-0,999999		92,764290
8,430098		92,254288		-0,999999		92,754288
8,440098		92,244286		-0,999999		92,744286
8,450098		92,234283		-0,999999		92,734283
8,460098		92,224281		-0,999999		92,724281
8,470098		92,214279		-0,999999		92,714279
8,480099		92,204277		-0,999999		92,704277
8,490099		92,194275		-0,999999		92,694275
8,500099		92,184273		-0,999999		92,684273
8,510099		92,174271		-0,999999		92,674271
8,520100		92,164268		-0,999999		92,664268
8,530100		92,154266		-0,999999		92,654266
8,540100		92,144264		-0,999999		92,644264
8,550100		92,134262		-0,999999		92,634262
8,560101		92,124260		-0,999999		92,624260
8,570101		92,114258		-0,999999		92,614258
8,580101		92,104256		-0,999999		92,604256
8,590101		92,094254		-0,999999		92,594254
8,600101		92,084251		-0,999999		92,584251
8,610102		92,074249		-0,999999		92,574249
8,620102		92,064247		-0,999999		92,564247
8,630102		92,054245		-0,999999		92,554245
8,640102		92,044243		-0,999999		92,544243
8,650103		92,034241		-0,999999		92,534241
8,660103		92,024239		-0,999999		92,524239
8,670103		92,014236		-0,999999		92,514236
8,680103		92,004234		-0,999999		92,504234
8,690104		91,994232		-0,999999		92,494232
8,700104		91,984230		-0,999999		92,484230
8,710104		91,974228		-0,999999		92,474228
8,720104		91,964226		-0,999999		92,464226
8,730104		91,954224		-0,999999		92,454224
8,740105		91,944221		-0,999999		92,444221
8,750105		91,934219		-0,999999		92,434219
8,760105		91,924217		-0,999999		92,424217
8,770105		91,914215		-0,999999		92,414215
8,780106		91,904213		-0,999999		92,404213
8,790106		91,894211		-0,999999		92,394211
8,800106		91,884209		-0,999999		92,384209
8,810106		91,874207		-0,999999		92,374207
8,820107		91,864204		-0,999999		92,364204
8,830107		91,854202		-0,999999		92,354202
8,840107		91,844200		-0,999999		92,344200
8,850107		91,834198		-0,999999		92,334198
8,860107		91,824196		-0,999999		92,324196
8,870108		91,814194		-0,999999		92,314194
8,880108		91,804192		-0,999999		92,304192
8,890108		91,794189		-0,999999		92,294189
8,900108		91,784187		-0,999999		92,284187
8,910109		91,774185		-0,999999		92,274185
8,920109		91,764183		-0,999999		92,264183
8,930109		91,754181		-0,999999		92,254181
8,940109		91,744179		-0,999999		92,244179
8,950109		91,734177		-0,999999		92,234177
8,960110		91,724174		-0,999999		92,224174
8,970110		91,714172		-0,999999		92,214172
8,980110		91,704170		-0,999999		92,204170
8,990110		91,694168		-0,999999		92,194168
9,000111		91,684166		-0,999999		92,184166
9,010111		91,674164		-0,999999		92,174164
9,020111		91,664162		-0,999999		92,164162
9,030111		91,654160		-0,999999		92,154160
9,040112		91,644157		-0,999999		92,144157
9,050112		91,634155		-0,999999		92,134155
9,060112		91,624153		-0,999999		92,124153
9,070112		91,614151		-0,999999		92,114151
9,080112		91,604149		-0,999999		92,104149
9,090113		91,594147		-0,999999		92,094147
9,100113		91,584145		-0,999999		92,084145
9,110113		91,574142		-0,999999		92,074142
9,120113		91,564140		-0,999999		92,064140
9,130114		91,554138		-0,999999		92,054138
9,140114		91,544136		-0,999999		92,044136
9,150114		91,534134		-0,999999		92,034134
9,160114		91,524132		-0,999999		92,024132
9,170115		91,514130		-0,999999		92,014130
9,180115		91,504128		-0,999999		92,004128
9,190115		91,494125		-0,999999		91,994125
9,200115		91,484123		-0,999999		91,984123
9,210115		91,474121		-0,999999		91,974121
9,220116		91,464119		-0,999999		91,964119
9,230116		91,454117		-0,999999		91,954117
9,240116		91,444115		-0,999999		91,944115
9,250116		91,434113		-0,999999		91,934113
9,260117		91,424110		-0,999999		91,924110
9,270117		91,414108		-0,999999		91,914108
9,280117		91,404106		-0,999999		91,904106
9,290117		91,394104		-0,999999		91,894104
9,300117		91,384102		-0,999999		91,884102
9,310118		91,374100		-0,999999		91,874100
9,320118		91,364098		-0,999999		91,864098
9,330118		91,354095		-0,999999		91,854095
9,340118		91,344093		-0,999999		91,844093
9,350119		91,334091		-0,999999		91,834091
9,360119		91,324089		-0,999999		91,824089
9,370119		91,314087		-0,999999		91,814087
9,380119		91,304085		-0,999999		91,804085
9,390120		91,294083		-0,999999		91,794083
9,400120		91,284081		-0,999999		91,784081
9,410120		91,274078		-0,999999		91,774078
9,420120		91,264076		-0,999999		91,764076
9,430120		91,254074		-0,999999		91,754074
9,440121		91,244072		-0,999999		91,744072
9,450121		91,234070		-0,999999		91,734070
9,460121		91,224068		-0,999999		91,724068
9,470121		91,214066		-0,999999		91,714066
9,480122		91,204063		-0,999999		91,704063
9,490122		91,194061		-0,999999		91,694061
9,500122		91,184059		-0,999999		91,684059
9,510122		91,174057		-0,999999		91,674057
9,520123		91,164055		-0,999999		91,664055
9,530123		91,154053		-0,999999		91,654053
9,540123		91,144051		-0,999999		91,644051
9,550123		91,134048		-0,999999		91,634048
9,560123		91,124046		-0,999999		91,624046
9,570124		91,114044		-0,999999		91,614044
9,580124		91,104042		-0,999999		91,604042
9,590124		91,094040		-0,999999		91,594040
9,600124		91,084038		-0,999999		91,584038
9,610125		91,074036		-0,999999		91,574036
9,620125		91,064034		-0,999999		91,564034
9,630125		91,054031		-0,999999		91,554031
9,640125		91,044029		-0,999999		91,544029
9,650126		91,034027		-0,999999		91,534027
9,660126		91,024025		-0,999999		91,524025
9,670126		91,014023		-0,999999		91,514023
9,680126		91,004021		-0,999999		91,504021
9,690126		90,994019		-0,999999		91,494019
9,700127		90,984016		-0,999999		91,484016
9,710127		90,974014		-0,999999		91,474014
9,720127		90,964012		-0,999999		91,464012
9,730127		90,954010		-0,999999		91,454010
9,740128		90,944008		-0,999999		91,444008
9,750128		90,934006		-0,999999		91,434006
9,760128		90,924004		-0,999999		91,424004
9,770128		90,914001		-0,999999		91,414001
9,780128		90,903999		-0,999999		91,403999
9,790129		90,893997		-0,999999		91,393997
9,800129		90,883995		-0,999999		91,383995
9,810129		90,873993		-0,999999		91,373993
9,820129		90,863991		-0,999999		91,363991
9,830130		90,853989		-0,999999		91,353989
9,840130		90,843987		-0,999999		91,343987
9,850130		90,833984		-0,999999		91,333984
9,860130		90,823982		-0,999999		91,323982
9,870131		90,813980		-0,999999		91,313980
9,880131		90,803978		-0,999999		91,303978
9,890131		90,793976		-0,999999		91,293976
9,900131		90,783974		-0,999999		91,283974
9,910131		90,773972		-0,999999		91,273972
9,920132		90,763969		-0,999999		91,263969
9,930132		90,753967		-0,999999		91,253967
9,940132		90,743965		-0,999999		91,243965
9,950132		90,733963		-0,999999		91,233963
9,960133		90,723961		-0,999999		91,223961
9,970133		90,713959		-0,999999		91,213959
9,980133		90,703957		-0,999999		91,203957
9,990133		90,693954		-0,999999		91,193954
10,000134		90,683952		-0,999999		91,183952
10,010134		90,673950		-0,999999		91,173950
10,020134		90,663948		-0,999999		91,163948
10,030134		90,653946		-0,999999		91,153946
10,040134		90,643944		-0,999999		91,143944
10,050135		90,633942		-0,999999		91,133942
10,060135		90,623940		-0,999999		91,123940
10,070135		90,613937		-0,999999		91,113937
10,080135		90,603935		-0,999999		91,103935
10,090136		90,593933		-0,999999		91,093933
10,100136		90,583931		-0,999999		91,083931
10,110136		90,573929		-0,999999		91,073929
10,120136		90,563927		-0,999999		91,063927
10,130136		90,553925		-0,999999		91,053925
10,140137		90,543922		-0,999999		91,043922
10,150137		90,533920		-0,999999		91,033920
10,160137		90,523918		-0,999999		91,023918
10,170137		90,513916		-0,999999		91,013916
10,180138		90,503914		-0,999999		91,003914
10,190138		90,493912		-0,999999		90,993912
10,200138		90,483910		-0,999999		90,983910
10,210138		90,473907		-0,999999		90,973907
10,220139		90,463905		-0,999999		90,963905
10,230139		90,453903		-0,999999		90,953903
10,240139		90,443901		-0,999999		90,943901
10,250139		90,433899		-0,999999		90,933899
10,260139		90,423897		-0,999999		90,923897
10,270140		90,413895		-0,999999		90,913895
10,280140		90,403893		-0,999999		90,903893
10,290140		90,393890		-0,999999		90,893890
10,300140		90,383888		-0,999999		90,883888
10,310141		90,373886		-0,999999		90,873886
10,320141		90,363884		-0,999999		90,863884
10,330141		90,353882		-0,999999		90,853882
10,340141		90,343880		-0,999999		90,843880
10,350142		90,333878		-0,999999		90,833878
10,360142		90,323875		-0,999999		90,823875
10,370142		90,313873		-0,999999		90,813873
10,380142		90,303871		-0,999999		90,803871
10,390142		90,293869		-0,999999		90,793869
10,400143		90,283867		-0,999999		90,783867
10,410143		90,273865		-0,999999		90,773865
10,420143		90,263863		-0,999999		90,763863
10,430143		90,253860		-0,999999		90,753860
10,440144		90,243858		-0,999999		90,743858
10,450144		90,233856		-0,999999		90,733856
10,460144		90,223854		-0,999999		90,723854
10,470144		90,213852		-0,999999		90,713852
10,480145		90,203850		-0,999999		90,703850
10,490145		90,193848		-0,999999		90,693848
10,500145		90,183846		-0,999999		90,683846
10,510145		90,173843		-0,999999		90,673843
10,520145		90,163841		-0,999999		90,663841
10,530146		90,153839		-0,999999		90,653839
10,540146		90,143837		-0,999999		90,643837
10,550146		90,133835		-0,999999		90,633835
10,560146		90,123833		-0,999999		90,623833
10,570147		90,113831		-0,999999		90,613831
10,580147		90,103828		-0,999999		90,603828
10,590147		90,093826		-0,999999		90,593826
10,600147		90,083824		-0,999999		90,583824
10,610147		90,073822		-0,999999		90,573822
10,620148		90,063820		-0,999999		90,563820
10,630148		90,053818		-0,999999		90,553818
10,640148		90,043816		-0,999999		90,543816
10,650148		90,033813		-0,999999		90,533813
10,660149		90,023811		-0,999999		90,523811
10,670149		90,013809		-0,999999		90,513809
10,680149		90,003807		-0,999999		90,503807
10,690149		89,993805		-0,999999		90,493805
10,700150		89,983803		-0,999999		90,483803
10,710150		89,973801		-0,999999		90,473801
10,720150		89,963799		-0,999999		90,463799
10,730150		89,953796		-0,999999		90,453796
10,740150		89,943794		-0,999999		90,443794
10,750151		89,933792		-0,999999		90,433792
10,760151		89,923790		-0,999999		90,423790
10,770151		89,913788		-0,999999		90,413788
10,780151		89,903786		-0,999999		90,403786
10,790152		89,893784		-0,999999		90,393784
10,800152		89,883781		-0,999999		90,383781
10,810152		89,873779		-0,999999		90,373779
10,820152		89,863777		-0,999999		90,363777
10,830153		89,853775		-0,999999		90,353775
10,840153		89,843773		-0,999999		90,343773
10,850153		89,833771		-0,999999		90,333771
10,860153		89,823769		-0,999999		90,323769
10,870153		89,813766		-0,999999		90,313766
10,880154		89,803764		-0,999999		90,303764
10,890154		89,793762		-0,999999		90,293762
10,900154		89,783760		-0,999999		90,283760
10,910154		89,773758		-0,999999		90,273758
10,920155		89,763756		-0,999999		90,263756
10,930155		89,753754		-0,999999		90,253754
10,940155		89,743752		-0,999999		90,243752
10,950155		89,733749		-0,999999		90,233749
10,960155		89,723747		-0,999999		90,223747
10,970156		89,713745		-0,999999		90,213745
10,980156		89,703743		-0,999999		90,203743
10,990156		89,693741		-0,999999		90,193741
11,000156		89,683739		-0,999999		90,183739
11,010157		89,673737		-0,999999		90,173737
11,020157		89,663734		-0,999999		90,163734
11,030157		89,653732		-0,999999		90,153732
11,040157		89,643730		-0,999999		90,143730
11,050158		89,633728		-0,999999		90,133728
11,060158		89,623726		-0,999999		90,123726
11,070158		89,613724		-0,999999		90,113724
11,080158		89,603722		-0,999999		90,103722
11,090158		89,593719		-0,999999		90,093719
11,100159		89,583717		-0,999999		90,083717
11,110159		89,573715		-0,999999		90,073715
11,120159		89,563713		-0,999999		90,063713
11,130159		89,553711		-0,999999		90,053711
11,140160		89,543709		-0,999999		90,043709
11,150160		89,533707		-0,999999		90,033707
11,160160		89,523705		-0,999999		90,023705
11,170160		89,513702		-0,999999		90,013702
11,180161		89,503700		-0,999999		90,003700
11,190161		89,493698		-0,999999		89,993698
11,200161		89,483696		-0,999999		89,983696
11,210161		89,473694		-0,999999		89,973694
11,220161		89,463692		-0,999999		89,963692
11,230162		89,453690		-0,999999		89,953690
11,240162		89,443687		-0,999999		89,943687
11,250162		89,433685		-0,999999		89,933685
11,260162		89,423683		-0,999999		89,923683
11,270163		89,413681		-0,999999		89,913681
11,280163		89,403679		-0,999999		89,903679
11,290163		89,393677		-0,999999		89,893677
11,300163		89,383675		-0,999999		89,883675
11,310163		89,373672		-0,999999		89,873672
11,320164		89,363670		-0,999999		89,863670
11,330164		89,353668		-0,999999		89,853668
11,340164		89,343666		-0,999999		89,843666
11,350164		89,333664		-0,999999		89,833664
11,360165		89,323662		-0,999999		89,823662
11,370165		89,313660		-0,999999		89,813660
11,380165		89,303658		-0,999999		89,803658
11,390165		89,293655		-0,999999		89,793655
11,400166		89,283653		-0,999999		89,783653
11,410166		89,273651		-0,999999		89,773651
11,420166		89,263649		-0,999999		89,763649
11,430166		89,253647		-0,999999		89,753647
11,440166		89,243645		-0,999999		89,743645
11,450167		89,233643		-0,999999		89,733643
11,460167		89,223640		-0,999999		89,723640
11,470167		89,213638		-0,999999		89,713638
11,480167		89,203636		-0,999999		89,703636
11,490168		89,193634		-0,999999		89,693634
11,500168		89,183632		-0,999999		89,683632
11,510168		89,173630		-0,999999		89,673630
11,520168		89,163628		-0,999999		89,663628
11,530169		89,153625		-0,999999		89,653625
11,540169		89,143623		-0,999999		89,643623
11,550169		89,133621		-0,999999		89,633621
11,560169		89,123619		-0,999999		89,623619
11,570169		89,113617		-0,999999		89,613617
11,580170		89,103615		-0,999999		89,603615
11,590170		89,093613		-0,999999		89,593613
11,600170		89,083611		-0,999999		89,583611
11,610170		89,073608		-0,999999		89,573608
11,620171		89,063606		-0,999999		89,563606
11,630171		89,053604		-0,999999		89,553604
11,640171		89,043602		-0,999999		89,543602
11,650171		89,033600		-0,999999		89,533600
11,660172		89,023598		-0,999999		89,523598
11,670172		89,013596		-0,999999		89,513596
11,680172		89,003593		-0,999999		89,503593
11,690172		88,993591		-0,999999		89,493591
11,700172		88,983589		-0,999999		89,483589
11,710173		88,973587		-0,999999		89,473587
11,720173		88,963585		-0,999999		89,463585
11,730173		88,953583		-0,999999		89,453583
11,740173		88,943581		-0,999999		89,443581
11,750174		88,933578		-0,999999		89,433578
11,760174		88,923576		-0,999999		89,423576
11,770174		88,913574		-0,999999		89,413574
11,780174		88,903572		-0,999999		89,403572
11,790174		88,893570		-0,999999		89,393570
11,800175		88,883568		-0,999999		89,383568
11,810175		88,873566		-0,999999		89,373566
11,820175		88,863564		-0,999999		89,363564
11,830175		88,853561		-0,999999		89,353561
11,840176		88,843559		-0,999999		89,343559
11,850176		88,833557		-0,999999		89,333557
11,860176		88,823555		-0,999999		89,323555
11,870176		88,813553		-0,999999		89,313553
11,880177		88,803551		-0,999999		89,303551
11,890177		88,793549		-0,999999		89,293549
11,900177		88,783546		-0,999999		89,283546
11,910177		88,773544		-0,999999		89,273544
11,920177		88,763542		-0,999999		89,263542
11,930178		88,753540		-0,999999		89,253540
11,940178		88,743538		-0,999999		89,243538
11,950178		88,733536		-0,999999		89,233536
11,960178		88,723534		-0,999999		89,223534
11,970179		88,713531		-0,999999		89,213531
11,980179		88,703529		-0,999999		89,203529
11,990179		88,693527		-0,999999		89,193527
12,000179		88,683525		-0,999999		89,183525
12,010180		88,673523		-0,999999		89,173523
12,020180		88,663521		-0,999999		89,163521
12,030180		88,653519		-0,999999		89,153519
12,040180		88,643517		-0,999999		89,143517
12,050180		88,633514		-0,999999		89,133514
12,060181		88,623512		-0,999999		89,123512
12,070181		88,613510		-0,999999		89,113510
12,080181		88,603508		-0,999999		89,103508
12,090181		88,593506		-0,999999		89,093506
12,100182		88,583504		-0,999999		89,083504
12,110182		88,573502		-0,999999		89,073502
12,120182		88,563499		-0,999999		89,063499
12,130182		88,553497		-0,999999		89,053497
12,140182		88,543495		-0,999999		89,043495
12,150183		88,533493		-0,999999		89,033493
12,160183		88,523491		-0,999999		89,023491
12,170183		88,513489		-0,999999		89,013489
12,180183		88,503487		-0,999999		89,003487
12,190184		88,493484		-0,999999		88,993484
12,200184		88,483482		-0,999999		88,983482
12,210184		88,473480		-0,999999		88,973480
12,220184		88,463478		-0,999999		88,963478
12,230185		88,453476		-0,999999		88,953476
12,240185		88,443474		-0,999999		88,943474
12,250185		88,433472		-0,999999		88,933472
12,260185		88,423470		-0,999999		88,923470
12,270185		88,413467		-0,999999		88,913467
12,280186		88,403465		-0,999999		88,903465
12,290186		88,393463		-0,999999		88,893463
12,300186		88,383461		-0,999999		88,883461
12,310186		88,373459		-0,999999		88,873459
12,320187		88,363457		-0,999999		88,863457
12,330187		88,353455		-0,999999		88,853455
12,340187		88,343452		-0,999999		88,843452
12,350187		88,333450		-0,999999		88,833450
12,360188		88,323448		-0,999999		88,823448
12,370188		88,313446		-0,999999		88,813446
12,380188		88,303444		-0,999999		88,803444
12,390188		88,293442		-0,999999		88,793442
12,400188		88,283440		-0,999999		88,783440
12,410189		88,273438		-0,999999		88,773438
12,420189		88,263435		-0,999999		88,763435
12,430189		88,253433		-0,999999		88,753433
12,440189		88,243431		-0,999999		88,743431
12,450190		88,233429		-0,999999		88,733429
12,460190		88,223427		-0,999999		88,723427
12,470190		88,213425		-0,999999		88,713425
12,480190		88,203423		-0,999999		88,703423
12,490191		88,193420		-0,999999		88,693420
12,500191		88,183418		-0,999999		88,683418
12,510191		88,173416		-0,999999		88,673416
12,520191		88,163414		-0,999999		88,663414
12,530191		88,153412		-0,999999		88,653412
12,540192		88,143410		-0,999999		88,643410
12,550192		88,133408		-0,999999		88,633408
12,560192		88,123405		-0,999999		88,623405
12,570192		88,113403		-0,999999		88,613403
12,580193		88,103401		-0,999999		88,603401
12,590193		88,093399		-0,999999		88,593399
12,600193		88,083397		-0,999999		88,583397
12,610193		88,073395		-0,999999		88,573395
12,620193		88,063393		-0,999999		88,563393
12,630194		88,053391		-0,999999		88,553391
12,640194		88,043388		-0,999999		88,543388
12,650194		88,033386		-0,999999		88,533386
12,660194		88,023384		-0,999999		88,523384
12,670195		88,013382		-0,999999		88,513382
12,680195		88,003380		-0,999999		88,503380
12,690195		87,993378		-0,999999		88,493378
12,700195		87,983376		-0,999999		88,483376
12,710196		87,973373		-0,999999		88,473373
12,720196		87,963371		-0,999999		88,463371
12,730196		87,953369		-0,999999		88,453369
12,740196		87,943367		-0,999999		88,443367
12,750196		87,933365		-0,999999		88,433365
12,760197		87,923363		-0,999999		88,423363
12,770197		87,913361		-0,999999		88,413361
12,780197		87,903358		-0,999999		88,403358
12,790197		87,893356		-0,999999		88,393356
12,800198		87,883354		-0,999999		88,383354
12,810198		87,873352		-0,999999		88,373352
12,820198		87,863350		-0,999999		88,363350
12,830198		87,853348		-0,999999		88,353348
12,840199		87,843346		-0,999999		88,343346
12,850199		87,833344		-0,999999		88,333344
12,860199		87,823341		-0,999999		88,323341
12,870199		87,813339		-0,999999		88,313339
12,880199		87,803337		-0,999999		88,303337
12,890200		87,793335		-0,999999		88,293335
12,900200		87,783333		-0,999999		88,283333
12,910200		87,773331		-0,999999		88,273331
12,920200		87,763329		-0,999999		88,263329
12,930201		87,753326		-0,999999		88,253326
12,940201		87,743324		-0,999999		88,243324
12,950201		87,733322		-0,999999		88,233322
12,960201		87,723320		-0,999999		88,223320
12,970201		87,713318		-0,999999		88,213318
12,980202		87,703316		-0,999999		88,203316
12,990202		87,693314		-0,999999		88,193314
13,000202		87,683311		-0,999999		88,183311
13,010202		87,673309		-0,999999		88,173309
13,020203		87,663307		-0,999999		88,163307
13,030203		87,653305		-0,999999		88,153305
13,040203		87,643303		-0,999999		88,143303
13,050203		87,633301		-0,999999		88,133301
13,060204		87,623299		-0,999999		88,123299
13,070204		87,613297		-0,999999		88,113297
13,080204		87,603294		-0,999999		88,103294
13,090204		87,593292		-0,999999		88,093292
13,100204		87,583290		-0,999999		88,083290
13,110205		87,573288		-0,999999		88,073288
13,120205		87,563286		-0,999999		88,063286
13,130205		87,553284		-0,999999		88,053284
13,140205		87,543282		-0,999999		88,043282
13,150206		87,533279		-0,999999		88,033279
13,160206		87,523277		-0,999999		88,023277
13,170206		87,513275		-0,999999		88,013275
13,180206		87,503273		-0,999999		88,003273
13,190207		87,493271		-0,999999		87,993271
13,200207		87,483269		-0,999999		87,983269
13,210207		87,473267		-0,999999		87,973267
13,220207		87,463264		-0,999999		87,963264
13,230207		87,453262		-0,999999		87,953262
13,240208		87,443260		-0,999999		87,943260
13,250208		87,433258		-0,999999		87,933258
13,260208		87,423256		-0,999999		87,923256
13,270208		87,413254		-0,999999		87,913254
13,280209		87,403252		-0,999999		87,903252
13,290209		87,393250		-0,999999		87,893250
13,300209		87,383247		-0,999999		87,883247
13,310209		87,373245		-0,999999		87,873245
13,320210		87,363243		-0,999999		87,863243
13,330210		87,353241		-0,999999		87,853241
13,340210		87,343239		-0,999999		87,843239
13,350210		87,333237		-0,999999		87,833237
13,360210		87,323235		-0,999999		87,823235
13,370211		87,313232		-0,999999		87,813232
13,380211		87,303230		-0,999999		87,803230
13,390211		87,293228		-0,999999		87,793228
13,400211		87,283226		-0,999999		87,783226
13,410212		87,273224		-0,999999		87,773224
13,420212		87,263222		-0,999999		87,763222
13,430212		87,253220		-0,999999		87,753220
13,440212		87,243217		-0,999999		87,743217
13,450212		87,233215		-0,999999		87,733215
13,460213		87,223213		-0,999999		87,723213
13,470213		87,213211		-0,999999		87,713211
13,480213		87,203209		-0,999999		87,703209
13,490213		87,193207		-0,999999		87,693207
13,500214		87,183205		-0,999999		87,683205
13,510214		87,173203		-0,999999		87,673203
13,520214		87,163200		-0,999999		87,663200
13,530214		87,153198		-0,999999		87,653198
13,540215		87,143196		-0,999999		87,643196
13,550215		87,133194		-0,999999		87,633194
13,560215		87,123192		-0,999999		87,623192
13,570215		87,113190		-0,999999		87,613190
13,580215		87,103188		-0,999999		87,603188
13,590216		87,093185		-0,999999		87,593185
13,600216		87,083183		-0,999999		87,583183
13,610216		87,073181		-0,999999		87,573181
13,620216		87,063179		-0,999999		87,563179
13,630217		87,053177		-0,999999		87,553177
13,640217		87,043175		-0,999999		87,543175
13,650217		87,033173		-0,999999		87,533173
13,660217		87,023170		-0,999999		87,523170
13,670218		87,013168		-0,999999		87,513168
13,680218		87,003166		-0,999999		87,503166
13,690218		86,993164		-0,999999		87,493164
13,700218		86,983162		-0,999999		87,483162
13,710218		86,973160		-0,999999		87,473160
13,720219		86,963158		-0,999999		87,463158
13,730219		86,953156		-0,999999		87,453156
13,740219		86,943153		-0,999999		87,443153
13,750219		86,933151		-0,999999		87,433151
13,760220		86,923149		-0,999999		87,423149
13,770220		86,913147		-0,999999		87,413147
13,780220		86,903145		-0,999999		87,403145
13,790220		86,893143		-0,999999		87,393143
13,800220		86,883141		-0,999999		87,383141
13,810221		86,873138		-0,999999		87,373138
13,820221		86,863136		-0,999999		87,363136
13,830221		86,853134		-0,999999		87,353134
13,840221		86,843132		-0,999999		87,343132
13,850222		86,833130		-0,999999		87,333130
13,860222		86,823128		-0,999999		87,323128
13,870222		86,813126		-0,999999		87,313126
13,880222		86,803123		-0,999999		87,303123
13,890223		86,793121		-0,999999		87,293121
13,900223		86,783119		-0,999999		87,283119
13,910223		86,773117		-0,999999		87,273117
13,920223		86,763115		-0,999999		87,263115
13,930223		86,753113		-0,999999		87,253113
13,940224		86,743111		-0,999999		87,243111
13,950224		86,733109		-0,999999		87,233109
13,960224		86,723106		-0,999999		87,223106
13,970224		86,713104		-0,999999		87,213104
13,980225		86,703102		-0,999999		87,203102
13,990225		86,693100		-0,999999		87,193100
14,000225		86,683098		-0,999999		87,183098
14,010225		86,673096		-0,999999		87,173096
14,020226		86,663094		-0,999999		87,163094
14,030226		86,653091		-0,999999		87,153091
14,040226		86,643089		-0,999999		87,143089
14,050226		86,633087		-0,999999		87,133087
14,060226		86,623085		-0,999999		87,123085
14,070227		86,613083		-0,999999		87,113083
14,080227		86,603081		-0,999999		87,103081
14,090227		86,593079		-0,999999		87,093079
14,100227		86,583076		-0,999999		87,083076
14,110228		86,573074		-0,999999		87,073074
14,120228		86,563072		-0,999999		87,063072
14,130228		86,553070		-0,999999		87,053070
14,140228		86,543068		-0,999999		87,043068
14,150229		86,533066		-0,999999		87,033066
14,160229		86,523064		-0,999999		87,023064
14,170229		86,513062		-0,999999		87,013062
14,180229		86,503059		-0,999999		87,003059
14,190229		86,493057		-0,999999		86,993057
14,200230		86,483055		-0,999999		86,983055
14,210230		86,473053		-0,999999		86,973053
14,220230		86,463051		-0,999999		86,963051
14,230230		86,453049		-0,999999		86,953049
14,240231		86,443047		-0,999999		86,943047
14,250231		86,433044		-0,999999		86,933044
14,260231		86,423042		-0,999999		86,923042
14,270231		86,413040		-0,999999		86,913040
14,280231		86,403038		-0,999999		86,903038
14,290232		86,393036		-0,999999		86,893036
14,300232		86,383034		-0,999999		86,883034
14,310232		86,373032		-0,999999		86,873032
14,320232		86,363029		-0,999999		86,863029
14,330233		86,353027		-0,999999		86,853027
14,340233		86,343025		-0,999999		86,843025
14,350233		86,333023		-0,999999		86,833023
14,360233		86,323021		-0,999999		86,823021
14,370234		86,313019		-0,999999		86,813019
14,380234		86,303017		-0,999999		86,803017
14,390234		86,293015		-0,999999		86,793015
14,400234		86,283012		-0,999999		86,783012
14,410234		86,273010		-0,999999		86,773010
14,420235		86,263008		-0,999999		86,763008
14,430235		86,253006		-0,999999		86,753006
14,440235		86,243004		-0,999999		86,743004
14,450235		86,233002		-0,999999		86,733002
14,460236		86,223000		-0,999999		86,723000
14,470236		86,212997		-0,999999		86,712997
14,480236		86,202995		-0,999999		86,702995
14,490236		86,192993		-0,999999		86,692993
14,500237		86,182991		-0,999999		86,682991
14,510237		86,172989		-0,999999		86,672989
14,520237		86,162987		-0,999999		86,662987
14,530237		86,152985		-0,999999		86,652985
14,540237		86,142982		-0,999999		86,642982
14,550238		86,132980		-0,999999		86,632980
14,560238		86,122978		-0,999999		86,622978
14,570238		86,112976		-0,999999		86,612976
14,580238		86,102974		-0,999999		86,602974
14,590239		86,092972		-0,999999		86,592972
14,600239		86,082970		-0,999999		86,582970
14,610239		86,072968		-0,999999		86,572968
14,620239		86,062965		-0,999999		86,562965
14,630239		86,052963		-0,999999		86,552963
14,640240		86,042961		-0,999999		86,542961
14,650240		86,032959		-0,999999		86,532959
14,660240		86,022957		-0,999999		86,522957
14,670240		86,012955		-0,999999		86,512955
14,680241		86,002953		-0,999999		86,502953
14,690241		85,992950		-0,999999		86,492950
14,700241		85,982948		-0,999999		86,482948
14,710241		85,972946		-0,999999		86,472946
14,720242		85,962944		-0,999999		86,462944
14,730242		85,952942		-0,999999		86,452942
14,740242		85,942940		-0,999999		86,442940
14,750242		85,932938		-0,999999		86,432938
14,760242		85,922935		-0,999999		86,422935
14,770243		85,912933		-0,999999		86,412933
14,780243		85,902931		-0,999999		86,402931
14,790243		85,892929		-0,999999		86,392929
14,800243		85,882927		-0,999999		86,382927
14,810244		85,872925		-0,999999		86,372925
14,820244		85,862923		-0,999999		86,362923
14,830244		85,852921		-0,999999		86,352921
14,840244		85,842918		-0,999999		86,342918
14,850245		85,832916		-0,999999		86,332916
14,860245		85,822914		-0,999999		86,322914
14,870245		85,812912		-0,999999		86,312912
14,880245		85,802910		-0,999999		86,302910
14,890245		85,792908		-0,999999		86,292908
14,900246		85,782906		-0,999999		86,282906
14,910246		85,772903		-0,999999		86,272903
14,920246		85,762901		-0,999999		86,262901
14,930246		85,752899		-0,999999		86,252899
14,940247		85,742897		-0,999999		86,242897
14,950247		85,732895		-0,999999		86,232895
14,960247		85,722893		-0,999999		86,222893
14,970247		85,712891		-0,999999		86,212891
14,980247		85,702888		-0,999999		86,202888
14,990248		85,692886		-0,999999		86,192886
15,000248		85,682884		-0,999999		86,182884
15,010248		85,672882		-0,999999		86,172882
15,020248		85,662880		-0,999999		86,162880
15,030249		85,652878		-0,999999		86,152878
15,040249		85,642876		-0,999999		86,142876
15,050249		85,632874		-0,999999		86,132874
15,060249		85,622871		-0,999999		86,122871
15,070250		85,612869		-0,999999		86,112869
15,080250		85,602867		-0,999999		86,102867
15,090250		85,592865		-0,999999		86,092865
15,100250		85,582863		-0,999999		86,082863
15,110250		85,572861		-0,999999		86,072861
15,120251		85,562859		-0,999999		86,062859
15,130251		85,552856		-0,999999		86,052856
15,140251		85,542854		-0,999999		86,042854
15,150251		85,532852		-0,999999		86,032852
15,160252		85,522850		-0,999999		86,022850
15,170252		85,512848		-0,999999		86,012848
15,180252		85,502846		-0,999999		86,002846
15,190252		85,492844		-0,999999		85,992844
15,200253		85,482841		-0,999999		85,982841
15,210253		85,472839		-0,999999		85,972839
15,220253		85,462837		-0,999999		85,962837
15,230253		85,452835		-0,999999		85,952835
15,240253		85,442833		-0,999999		85,942833
15,250254		85,432831		-0,999999		85,932831
15,260254		85,422829		-0,999999		85,922829
15,270254		85,412827		-0,999999		85,912827
15,280254		85,402824		-0,999999		85,902824
15,290255		85,392822		-0,999999		85,892822
15,300255		85,382820		-0,999999		85,882820
15,310255		85,372818		-0,999999		85,872818
15,320255		85,362816		-0,999999		85,862816
15,330256		85,352814		-0,999999		85,852814
15,340256		85,342812		-0,999999		85,842812
15,350256		85,332809		-0,999999		85,832809
15,360256		85,322807		-0,999999		85,822807
15,370256		85,312805		-0,999999		85,812805
15,380257		85,302803		-0,999999		85,802803
15,390257		85,292801		-0,999999		85,792801
15,400257		85,282799		-0,999999		85,782799
15,410257		85,272797		-0,999999		85,772797
15,420258		85,262794		-0,999999		85,762794
15,430258		85,252792		-0,999999		85,752792
15,440258		85,242790		-0,999999		85,742790
15,450258		85,232788		-0,999999		85,732788
15,460258		85,222786		-0,999999		85,722786
15,470259		85,212784		-0,999999		85,712784
15,480259		85,202782		-0,999999		85,702782
15,490259		85,192780		-0,999999		85,692780
15,500259		85,182777		-0,999999		85,682777
15,510260		85,172775		-0,999999		85,672775
15,520260		85,162773		-0,999999		85,662773
15,530260		85,152771		-0,999999		85,652771
15,540260		85,142769		-0,999999		85,642769
15,550261		85,132767		-0,999999		85,632767
15,560261		85,122765		-0,999999		85,622765
15,570261		85,112762		-0,999999		85,612762
15,580261		85,102760		-0,999999		85,602760
15,590261		85,092758		-0,999999		85,592758
15,600262		85,082756		-0,999999		85,582756
15,610262		85,072754		-0,999999		85,572754
15,620262		85,062752		-0,999999		85,562752
15,630262		85,052750		-0,999999		85,552750
15,640263		85,042747		-0,999999		85,542747
15,650263		85,032745		-0,999999		85,532745
15,660263		85,022743		-0,999999		85,522743
15,670263		85,012741		-0,999999		85,512741
15,680264		85,002739		-0,999999		85,502739
15,690264		84,992737		-0,999999		85,492737
15,700264		84,982735		-0,999999		85,482735
15,710264		84,972733		-0,999999		85,472733
15,720264		84,962730		-0,999999		85,462730
15,730265		84,952728		-0,999999		85,452728
15,740265		84,942726		-0,999999		85,442726
15,750265		84,932724		-0,999999		85,432724
15,760265		84,922722		-0,999999		85,422722
15,770266		84,912720		-0,999999		85,412720
15,780266		84,902718		-0,999999		85,402718
15,790266		84,892715		-0,999999		85,392715
15,800266		84,882713		-0,999999		85,382713
15,810266		84,872711		-0,999999		85,372711
15,820267		84,862709		-0,999999		85,362709
15,830267		84,852707		-0,999999		85,352707
15,840267		84,842705		-0,999999		85,342705
15,850267		84,832703		-0,999999		85,332703
15,860268		84,822701		-0,999999		85,322701
15,870268		84,812698		-0,999999		85,312698
15,880268		84,802696		-0,999999		85,302696
15,890268		84,792694		-0,999999		85,292694
15,900269		84,782692		-0,999999		85,282692
15,910269		84,772690		-0,999999		85,272690
15,920269		84,762688		-0,999999		85,262688
15,930269		84,752686		-0,999999		85,252686
15,940269		84,742683		-0,999999		85,242683
15,950270		84,732681		-0,999999		85,232681
15,960270		84,722679		-0,999999		85,222679
15,970270		84,712677		-0,999999		85,212677
15,980270		84,702675		-0,999999		85,202675
15,990271		84,692673		-0,999999		85,192673
16,000271		84,682671		-0,999999		85,182671
16,010271		84,672668		-0,999999		85,172668
16,020271		84,662666		-0,999999		85,162666
16,030272		84,652664		-0,999999		85,152664
16,040272		84,642662		-0,999999		85,142662
16,050272		84,632660		-0,999999		85,132660
16,060272		84,622658		-0,999999		85,122658
16,070272		84,612656		-0,999999		85,112656
16,080273		84,602654		-0,999999		85,102654
16,090273		84,592651		-0,999999		85,092651
16,100273		84,582649		-0,999999		85,082649
16,110273		84,572647		-0,999999		85,072647
16,120274		84,562645		-0,999999		85,062645
16,130274		84,552643		-0,999999		85,052643
16,140274		84,542641		-0,999999		85,042641
16,150274		84,532639		-0,999999		85,032639
16,160275		84,522636		-0,999999		85,022636
16,170275		84,512634		-0,999999		85,012634
16,180275		84,502632		-0,999999		85,002632
16,190275		84,492630		-0,999999		84,992630
16,200275		84,482628		-0,999999		84,982628
16,210276		84,472626		-0,999999		84,972626
16,220276		84,462624		-0,999999		84,962624
16,230276		84,452621		-0,999999		84,952621
16,240276		84,442619		-0,999999		84,942619
16,250277		84,432617		-0,999999		84,932617
16,260277		84,422615		-0,999999		84,922615
16,270277		84,412613		-0,999999		84,912613
16,280277		84,402611		-0,999999		84,902611
16,290277		84,392609		-0,999999		84,892609
16,300278		84,382607		-0,999999		84,882607
16,310278		84,372604		-0,999999		84,872604
16,320278		84,362602		-0,999999		84,862602
16,330278		84,352600		-0,999999		84,852600
16,340279		84,342598		-0,999999		84,842598
16,350279		84,332596		-0,999999		84,832596
16,360279		84,322594		-0,999999		84,822594
16,370279		84,312592		-0,999999		84,812592
16,380280		84,302589		-0,999999		84,802589
16,390280		84,292587		-0,999999		84,792587
16,400280		84,282585		-0,999999		84,782585
16,410280		84,272583		-0,999999		84,772583
16,420280		84,262581		-0,999999		84,762581
16,430281		84,252579		-0,999999		84,752579
16,440281		84,242577		-0,999999		84,742577
16,450281		84,232574		-0,999999		84,732574
16,460281		84,222572		-0,999999		84,722572
16,470282		84,212570		-0,999999		84,712570
16,480282		84,202568		-0,999999		84,702568
16,490282		84,192566		-0,999999		84,692566
16,500282		84,182564		-0,999999		84,682564
16,510283		84,172562		-0,999999		84,672562
16,520283		84,162560		-0,999999		84,662560
16,530283		84,152557		-0,999999		84,652557
16,540283		84,142555		-0,999999		84,642555
16,550283		84,132553		-0,999999		84,632553
16,560284		84,122551		-0,999999		84,622551
16,570284		84,112549		-0,999999		84,612549
16,580284		84,102547		-0,999999		84,602547
16,590284		84,092545		-0,999999		84,592545
16,600285		84,082542		-0,999999		84,582542
16,610285		84,072540		-0,999999		84,572540
16,620285		84,062538		-0,999999		84,562538
16,630285		84,052536		-0,999999		84,552536
16,640285		84,042534		-0,999999		84,542534
16,650286		84,032532		-0,999999		84,532532
16,660286		84,022530		-0,999999		84,522530
16,670286		84,012527		-0,999999		84,512527
16,680286		84,002525		-0,999999		84,502525
16,690287		83,992523		-0,999999		84,492523
16,700287		83,982521		-0,999999		84,482521
16,710287		83,972519		-0,999999		84,472519
16,720287		83,962517		-0,999999		84,462517
16,730288		83,952515		-0,999999		84,452515
16,740288		83,942513		-0,999999		84,442513
16,750288		83,932510		-0,999999		84,432510
16,760288		83,922508		-0,999999		84,422508
16,770288		83,912506		-0,999999		84,412506
16,780289		83,902504		-0,999999		84,402504
16,790289		83,892502		-0,999999		84,392502
16,800289		83,882500		-0,999999		84,382500
16,810289		83,872498		-0,999999		84,372498
16,820290		83,862495		-0,999999		84,362495
16,830290		83,852493		-0,999999		84,352493
16,840290		83,842491		-0,999999		84,342491
16,850290		83,832489		-0,999999		84,332489
16,860291		83,822487		-0,999999		84,322487
16,870291		83,812485		-0,999999		84,312485
16,880291		83,802483		-0,999999		84,302483
16,890291		83,792480		-0,999999		84,292480
16,900291		83,782478		-0,999999		84,282478
16,910292		83,772476		-0,999999		84,272476
16,920292		83,762474		-0,999999		84,262474
16,930292		83,752472		-0,999999		84,252472
16,940292		83,742470		-0,999999		84,242470
16,950293		83,732468		-0,999999		84,232468
16,960293		83,722466		-0,999999		84,222466
16,970293		83,712463		-0,999999		84,212463
16,980293		83,702461		-0,999999		84,202461
16,990294		83,692459		-0,999999		84,192459
17,000294		83,682457		-0,999999		84,182457
17,010294		83,672455		-0,999999		84,172455
17,020294		83,662453		-0,999999		84,162453
17,030294		83,652451		-0,999999		84,152451
17,040295		83,642448		-0,999999		84,142448
17,050295		83,632446		-0,999999		84,132446
17,060295		83,622444		-0,999999		84,122444
17,070295		83,612442		-0,999999		84,112442
17,080296		83,602440		-0,999999		84,102440
17,090296		83,592438		-0,999999		84,092438
17,100296		83,582436		-0,999999		84,082436
17,110296		83,572433		-0,999999		84,072433
17,120296		83,562431		-0,999999		84,062431
17,130297		83,552429		-0,999999		84,052429
17,140297		83,542427		-0,999999		84,042427
17,150297		83,532425		-0,999999		84,032425
17,160297		83,522423		-0,999999		84,022423
17,170298		83,512421		-0,999999		84,012421
17,180298		83,502419		-0,999999		84,002419
17,190298		83,492416		-0,999999		83,992416
17,200298		83,482414		-0,999999		83,982414
17,210299		83,472412		-0,999999		83,972412
17,220299		83,462410		-0,999999		83,962410
17,230299		83,452408		-0,999999		83,952408
17,240299		83,442406		-0,999999		83,942406
17,250299		83,432404		-0,999999		83,932404
17,260300		83,422401		-0,999999		83,922401
17,270300		83,412399		-0,999999		83,912399
17,280300		83,402397		-0,999999		83,902397
17,290300		83,392395		-0,999999		83,892395
17,300301		83,382393		-0,999999		83,882393
17,310301		83,372391		-0,999999		83,872391
17,320301		83,362389		-0,999999		83,862389
17,330301		83,352386		-0,999999		83,852386
17,340302		83,342384		-0,999999		83,842384
17,350302		83,332382		-0,999999		83,832382
17,360302		83,322380		-0,999999		83,822380
17,370302		83,312378		-0,999999		83,812378
17,380302		83,302376		-0,999999		83,802376
17,390303		83,292374		-0,999999		83,792374
17,400303		83,282372		-0,999999		83,782372
17,410303		83,272369		-0,999999		83,772369
17,420303		83,262367		-0,999999		83,762367
17,430304		83,252365		-0,999999		83,752365
17,440304		83,242363		-0,999999		83,742363
17,450304		83,232361		-0,999999		83,732361
17,460304		83,222359		-0,999999		83,722359
17,470304		83,212357		-0,999999		83,712357
17,480305		83,202354		-0,999999		83,702354
17,490305		83,192352		-0,999999		83,692352
17,500305		83,182350		-0,999999		83,682350
17,510305		83,172348		-0,999999		83,672348
17,520306		83,162346		-0,999999		83,662346
17,530306		83,152344		-0,999999		83,652344
17,540306		83,142342		-0,999999		83,642342
17,550306		83,132339		-0,999999		83,632339
17,560307		83,122337		-0,999999		83,622337
17,570307		83,112335		-0,999999		83,612335
17,580307		83,102333		-0,999999		83,602333
17,590307		83,092331		-0,999999		83,592331
17,600307		83,082329		-0,999999		83,582329
17,610308		83,072327		-0,999999		83,572327
17,620308		83,062325		-0,999999		83,562325
17,630308		83,052322		-0,999999		83,552322
17,640308		83,042320		-0,999999		83,542320
17,650309		83,032318		-0,999999		83,532318
17,660309		83,022316		-0,999999		83,522316
17,670309		83,012314		-0,999999		83,512314
17,680309		83,002312		-0,999999		83,502312
17,690310		82,992310		-0,999999		83,492310
17,700310		82,982307		-0,999999		83,482307
17,710310		82,972305		-0,999999		83,472305
17,720310		82,962303		-0,999999		83,462303
17,730310		82,952301		-0,999999		83,452301
17,740311		82,942299		-0,999999		83,442299
17,750311		82,932297		-0,999999		83,432297
17,760311		82,922295		-0,999999		83,422295
17,770311		82,912292		-0,999999		83,412292
17,780312		82,902290		-0,999999		83,402290
17,790312		82,892288		-0,999999		83,392288
17,800312		82,882286		-0,999999		83,382286
17,810312		82,872284		-0,999999		83,372284
17,820313		82,862282		-0,999999		83,362282
17,830313		82,852280		-0,999999		83,352280
17,840313		82,842278		-0,999999		83,342278
17,850313		82,832275		-0,999999		83,332275
17,860313		82,822273		-0,999999		83,322273
17,870314		82,812271		-0,999999		83,312271
17,880314		82,802269		-0,999999		83,302269
17,890314		82,792267		-0,999999		83,292267
17,900314		82,782265		-0,999999		83,282265
17,910315		82,772263		-0,999999		83,272263
17,920315		82,762260		-0,999999		83,262260
17,930315		82,752258		-0,999999		83,252258
17,940315		82,742256		-0,999999		83,242256
17,950315		82,732254		-0,999999		83,232254
17,960316		82,722252		-0,999999		83,222252
17,970316		82,712250		-0,999999		83,212250
17,980316		82,702248		-0,999999		83,202248
17,990316		82,692245		-0,999999		83,192245
18,000317		82,682243		-0,999999		83,182243
18,010317		82,672241		-0,999999		83,172241
18,020317		82,662239		-0,999999		83,162239
18,030317		82,652237		-0,999999		83,152237
18,040318		82,642235		-0,999999		83,142235
18,050318		82,632233		-0,999999		83,132233
18,060318		82,622231		-0,999999		83,122231
18,070318		82,612228		-0,999999		83,112228
18,080318		82,602226		-0,999999		83,102226
18,090319		82,592224		-0,999999		83,092224
18,100319		82,582222		-0,999999		83,082222
18,110319		82,572220		-0,999999		83,072220
18,120319		82,562218		-0,999999		83,062218
18,130320		82,552216		-0,999999		83,052216
18,140320		82,542213		-0,999999		83,042213
18,150320		82,532211		-0,999999		83,032211
18,160320		82,522209		-0,999999		83,022209
18,170321		82,512207		-0,999999		83,012207
18,180321		82,502205		-0,999999		83,002205
18,190321		82,492203		-0,999999		82,992203
18,200321		82,482201		-0,999999		82,982201
18,210321		82,472198		-0,999999		82,972198
18,220322		82,462196		-0,999999		82,962196
18,230322		82,452194		-0,999999		82,952194
18,240322		82,442192		-0,999999		82,942192
18,250322		82,432190		-0,999999		82,932190
18,260323		82,422188		-0,999999		82,922188
18,270323		82,412186		-0,999999		82,912186
18,280323		82,402184		-0,999999		82,902184
18,290323		82,392181		-0,999999		82,892181
18,300323		82,382179		-0,999999		82,882179
18,310324		82,372177		-0,999999		82,872177
18,320324		82,362175		-0,999999		82,862175
18,330324		82,352173		-0,999999		82,852173
18,340324		82,342171		-0,999999		82,842171
18,350325		82,332169		-0,999999		82,832169
18,360325		82,322166		-0,999999		82,822166
18,370325		82,312164		-0,999999		82,812164
18,380325		82,302162		-0,999999		82,802162
18,390326		82,292160		-0,999999		82,792160
18,400326		82,282158		-0,999999		82,782158
18,410326		82,272156		-0,999999		82,772156
18,420326		82,262154		-0,999999		82,762154
18,430326		82,252151		-0,999999		82,752151
18,440327		82,242149		-0,999999		82,742149
18,450327		82,232147		-0,999999		82,732147
18,460327		82,222145		-0,999999		82,722145
18,470327		82,212143		-0,999999		82,712143
18,480328		82,202141		-0,999999		82,702141
18,490328		82,192139		-0,999999		82,692139
18,500328		82,182137		-0,999999		82,682137
18,510328		82,172134		-0,999999		82,672134
18,520329		82,162132		-0,999999		82,662132
18,530329		82,152130		-0,999999		82,652130
18,540329		82,142128		-0,999999		82,642128
18,550329		82,132126		-0,999999		82,632126
18,560329		82,122124		-0,999999		82,622124
18,570330		82,112122		-0,999999		82,612122
18,580330		82,102119		-0,999999		82,602119
18,590330		82,092117		-0,999999		82,592117
18,600330		82,082115		-0,999999		82,582115
18,610331		82,072113		-0,999999		82,572113
18,620331		82,062111		-0,999999		82,562111
18,630331		82,052109		-0,999999		82,552109
18,640331		82,042107		-0,999999		82,542107
18,650331		82,032104		-0,999999		82,532104
18,660332		82,022102		-0,999999		82,522102
18,670332		82,012100		-0,999999		82,512100
18,680332		82,002098		-0,999999		82,502098
18,690332		81,992096		-0,999999		82,492096
18,700333		81,982094		-0,999999		82,482094
18,710333		81,972092		-0,999999		82,472092
18,720333		81,962090		-0,999999		82,462090
18,730333		81,952087		-0,999999		82,452087
18,740334		81,942085		-0,999999		82,442085
18,750334		81,932083		-0,999999		82,432083
18,760334		81,922081		-0,999999		82,422081
18,770334		81,912079		-0,999999		82,412079
18,780334		81,902077		-0,999999		82,402077
18,790335		81,892075		-0,999999		82,392075
18,800335		81,882072		-0,999999		82,382072
18,810335		81,872070		-0,999999		82,372070
18,820335		81,862068		-0,999999		82,362068
18,830336		81,852066		-0,999999		82,352066
18,840336		81,842064		-0,999999		82,342064
18,850336		81,832062		-0,999999		82,332062
18,860336		81,822060		-0,999999		82,322060
18,870337		81,812057		-0,999999		82,312057
18,880337		81,802055		-0,999999		82,302055
18,890337		81,792053		-0,999999		82,292053
18,900337		81,782051		-0,999999		82,282051
18,910337		81,772049		-0,999999		82,272049
18,920338		81,762047		-0,999999		82,262047
18,930338		81,752045		-0,999999		82,252045
18,940338		81,742043		-0,999999		82,242043
18,950338		81,732040		-0,999999		82,232040
18,960339		81,722038		-0,999999		82,222038
18,970339		81,712036		-0,999999		82,212036
18,980339		81,702034		-0,999999		82,202034
18,990339		81,692032		-0,999999		82,192032
19,000340		81,682030		-0,999999		82,182030
19,010340		81,672028		-0,999999		82,172028
19,020340		81,662025		-0,999999		82,162025
19,030340		81,652023		-0,999999		82,152023
19,040340		81,642021		-0,999999		82,142021
19,050341		81,632019		-0,999999		82,132019
19,060341		81,622017		-0,999999		82,122017
19,070341		81,612015		-0,999999		82,112015
19,080341		81,602013		-0,999999		82,102013
19,090342		81,592010		-0,999999		82,092010
19,100342		81,582008		-0,999999		82,082008
19,110342		81,572006		-0,999999		82,072006
19,120342		81,562004		-0,999999		82,062004
19,130342		81,552002		-0,999999		82,052002
19,140343		81,542000		-0,999999		82,042000
19,150343		81,531998		-0,999999		82,031998
19,160343		81,521996		-0,999999		82,021996
19,170343		81,511993		-0,999999		82,011993
19,180344		81,501991		-0,999999		82,001991
19,190344		81,491989		-0,999999		81,991989
19,200344		81,481987		-0,999999		81,981987
19,210344		81,471985		-0,999999		81,971985
19,220345		81,461983		-0,999999		81,961983
19,230345		81,451981		-0,999999		81,951981
19,240345		81,441978		-0,999999		81,941978
19,250345		81,431976		-0,999999		81,931976
19,260345		81,421974		-0,999999		81,921974
19,270346		81,411972		-0,999999		81,911972
19,280346		81,401970		-0,999999		81,901970
19,290346		81,391968		-0,999999		81,891968
19,300346		81,381966		-0,999999		81,881966
19,310347		81,371964		-0,999999		81,871964
19,320347		81,361961		-0,999999		81,861961
19,330347		81,351959		-0,999999		81,851959
19,340347		81,341957		-0,999999		81,841957
19,350348		81,331955		-0,999999		81,831955
19,360348		81,321953		-0,999999		81,821953
19,370348		81,311951		-0,999999		81,811951
19,380348		81,301949		-0,999999		81,801949
19,390348		81,291946		-0,999999		81,791946
19,400349		81,281944		-0,999999		81,781944
19,410349		81,271942		-0,999999		81,771942
19,420349		81,261940		-0,999999		81,761940
19,430349		81,251938		-0,999999		81,751938
19,440350		81,241936		-0,999999		81,741936
19,450350		81,231934		-0,999999		81,731934
19,460350		81,221931		-0,999999		81,721931
19,470350		81,211929		-0,999999		81,711929
19,480350		81,201927		-0,999999		81,701927
19,490351		81,191925		-0,999999		81,691925
19,500351		81,181923		-0,999999		81,681923
19,510351		81,171921		-0,999999		81,671921
19,520351		81,161919		-0,999999		81,661919
19,530352		81,151917		-0,999999		81,651917
19,540352		81,141914		-0,999999		81,641914
19,550352		81,131912		-0,999999		81,631912
19,560352		81,121910		-0,999999		81,621910
19,570353		81,111908		-0,999999		81,611908
19,580353		81,101906		-0,999999		81,601906
19,590353		81,091904		-0,999999		81,591904
19,600353		81,081902		-0,999999		81,581902
19,610353		81,071899		-0,999999		81,571899
19,620354		81,061897		-0,999999		81,561897
19,630354		81,051895		-0,999999		81,551895
19,640354		81,041893		-0,999999		81,541893
19,650354		81,031891		-0,999999		81,531891
19,660355		81,021889		-0,999999		81,521889
19,670355		81,011887		-0,999999		81,511887
19,680355		81,001884		-0,999999		81,501884
19,690355		80,991882		-0,999999		81,491882
19,700356		80,981880		-0,999999		81,481880
19,710356		80,971878		-0,999999		81,471878
19,720356		80,961876		-0,999999		81,461876
19,730356		80,951874		-0,999999		81,451874
19,740356		80,941872		-0,999999		81,441872
19,750357		80,931870		-0,999999		81,431870
19,760357		80,921867		-0,999999		81,421867
19,770357		80,911865		-0,999999		81,411865
19,780357		80,901863		-0,999999		81,401863
19,790358		80,891861		-0,999999		81,391861
19,800358		80,881859		-0,999999		81,381859
19,810358		80,871857		-0,999999		81,371857
19,820358		80,861855		-0,999999		81,361855
19,830359		80,851852		-0,999999		81,351852
19,840359		80,841850		-0,999999		81,341850
19,850359		80,831848		-0,999999		81,331848
19,860359		80,821846		-0,999999		81,321846
19,870359		80,811844		-0,999999		81,311844
19,880360		80,801842		-0,999999		81,301842
19,890360		80,791840		-0,999999		81,291840
19,900360		80,781837		-0,999999		81,281837
19,910360		80,771835		-0,999999		81,271835
19,920361		80,761833		-0,999999		81,261833
19,930361		80,751831		-0,999999		81,251831
19,940361		80,741829		-0,999999		81,241829
19,950361		80,731827		-0,999999		81,231827
19,960361		80,721825		-0,999999		81,221825
19,970362		80,711823		-0,999999		81,211823
19,980362		80,701820		-0,999999		81,201820
19,990362		80,691818		-0,999999		81,191818
20,000362		80,681816		-0,999999		81,181816
