0,010000		99,999947		-0,010000		100,000000
0,020000		99,999794		-0,019997		99,999992
0,030000		99,999542		-0,029991		99,999992
0,040000		99,999191		-0,039979		99,999992
0,050000		99,998741		-0,049959		99,999992
0,060000		99,998192		-0,059929		99,999985
0,070000		99,997543		-0,069886		99,999985
0,080000		99,996796		-0,079830		99,999985
0,090000		99,995949		-0,089759		99,999977
0,100000		99,995003		-0,099669		99,999969
0,110000		99,993958		-0,109559		99,999962
0,120000		99,992813		-0,119428		99,999947
0,130000		99,991570		-0,129274		99,999924
0,140000		99,990227		-0,139094		99,999901
0,150000		99,988785		-0,148886		99,999870
0,160000		99,987244		-0,158650		99,999832
0,170000		99,985611		-0,168382		99,999786
0,180000		99,983879		-0,178082		99,999733
0,190000		99,982048		-0,187748		99,999672
0,200000		99,980125		-0,197377		99,999603
0,210000		99,978104		-0,206968		99,999519
0,220000		99,975983		-0,216520		99,999420
0,230000		99,973770		-0,226030		99,999313
0,240000		99,971466		-0,235497		99,999199
0,250000		99,969063		-0,244920		99,999054
0,260000		99,966568		-0,254297		99,998901
0,270000		99,963982		-0,263626		99,998734
0,280000		99,961296		-0,272907		99,998535
0,290000		99,958519		-0,282136		99,998322
0,300000		99,955650		-0,291314		99,998085
0,310000		99,952690		-0,300439		99,997826
0,320000		99,949638		-0,309509		99,997536
0,330000		99,946495		-0,318522		99,997223
0,340000		99,943268		-0,327479		99,996887
0,350000		99,939949		-0,336377		99,996521
0,360000		99,936539		-0,345216		99,996124
0,370000		99,933044		-0,353993		99,995697
0,380000		99,929459		-0,362709		99,995239
0,390000		99,925789		-0,371362		99,994743
0,400000		99,922035		-0,379951		99,994217
0,410000		99,918190		-0,388474		99,993645
0,420000		99,914261		-0,396932		99,993042
0,430000		99,910248		-0,405323		99,992393
0,440000		99,906151		-0,413646		99,991699
0,450000		99,901970		-0,421900		99,990967
0,460000		99,897713		-0,430085		99,990196
0,470000		99,893372		-0,438201		99,989380
0,480000		99,888947		-0,446245		99,988510
0,490000		99,884445		-0,454218		99,987602
0,500000		99,879860		-0,462118		99,986633
0,510000		99,875198		-0,469946		99,985626
0,520000		99,870461		-0,477701		99,984558
0,530000		99,865646		-0,485382		99,983444
0,540000		99,860756		-0,492989		99,982277
0,550000		99,855789		-0,500521		99,981049
0,560000		99,850746		-0,507978		99,979767
0,570000		99,845627		-0,515360		99,978424
0,580000		99,840439		-0,522666		99,977028
0,590000		99,835175		-0,529896		99,975571
0,600000		99,829842		-0,537050		99,974052
0,610000		99,824432		-0,544127		99,972473
0,620000		99,818954		-0,551128		99,970825
0,630000		99,813408		-0,558052		99,969116
0,640000		99,807793		-0,564899		99,967346
0,650000		99,802109		-0,571670		99,965515
0,660000		99,796356		-0,578363		99,963608
0,670000		99,790543		-0,584979		99,961639
0,680000		99,784660		-0,591519		99,959610
0,690000		99,778709		-0,597981		99,957497
0,700000		99,772697		-0,604367		99,955330
0,710000		99,766624		-0,610676		99,953087
0,720000		99,760483		-0,616908		99,950768
0,730000		99,754280		-0,623064		99,948387
0,740000		99,748016		-0,629144		99,945930
0,750000		99,741692		-0,635148		99,943398
0,760000		99,735313		-0,641075		99,940804
0,770000		99,728874		-0,646928		99,938133
0,780000		99,722374		-0,652705		99,935387
0,790000		99,715820		-0,658407		99,932571
0,800000		99,709206		-0,664035		99,929680
0,810000		99,702538		-0,669588		99,926712
0,820000		99,695816		-0,675068		99,923676
0,830000		99,689041		-0,680474		99,920563
0,839999		99,682213		-0,685807		99,917381
0,849999		99,675331		-0,691067		99,914116
0,859999		99,668396		-0,696255		99,910782
0,869999		99,661407		-0,701371		99,907372
0,879999		99,654366		-0,706416		99,903877
0,889999		99,647278		-0,711391		99,900314
0,899999		99,640137		-0,716295		99,896675
0,909999		99,632950		-0,721129		99,892967
0,919999		99,625717		-0,725894		99,889175
0,929999		99,618431		-0,730591		99,885315
0,939999		99,611099		-0,735219		99,881371
0,949999		99,603722		-0,739779		99,877357
0,959999		99,596298		-0,744273		99,873268
0,969999		99,588837		-0,748700		99,869110
0,979999		99,581329		-0,753062		99,864883
0,989999		99,573776		-0,757358		99,860573
0,999999		99,566185		-0,761590		99,856194
1,009999		99,558548		-0,765758		99,851738
1,019999		99,550873		-0,769862		99,847214
1,029999		99,543152		-0,773904		99,842613
1,039999		99,535393		-0,777884		99,837944
1,049999		99,527596		-0,781802		99,833206
1,059999		99,519760		-0,785659		99,828392
1,069999		99,511887		-0,789457		99,823509
1,079999		99,503975		-0,793194		99,818550
1,089999		99,496025		-0,796873		99,813530
1,099999		99,488037		-0,800494		99,808434
1,109999		99,480011		-0,804057		99,803268
1,119999		99,471954		-0,807564		99,798035
1,129999		99,463860		-0,811014		99,792732
1,139999		99,455734		-0,814409		99,787369
1,149999		99,447571		-0,817749		99,781929
1,159999		99,439377		-0,821035		99,776428
1,169999		99,431152		-0,824267		99,770859
1,179999		99,422897		-0,827446		99,765228
1,189999		99,414604		-0,830574		99,759529
1,199999		99,406281		-0,833649		99,753769
1,209999		99,397926		-0,836674		99,747940
1,219999		99,389542		-0,839649		99,742050
1,229999		99,381134		-0,842574		99,736099
1,239999		99,372696		-0,845450		99,730087
1,249999		99,364227		-0,848278		99,724014
1,259999		99,355728		-0,851058		99,717880
1,269999		99,347206		-0,853792		99,711685
1,279999		99,338654		-0,856479		99,705429
1,289999		99,330078		-0,859121		99,699120
1,299999		99,321472		-0,861717		99,692749
1,309999		99,312843		-0,864270		99,686325
1,319999		99,304192		-0,866778		99,679840
1,329999		99,295509		-0,869244		99,673302
1,339999		99,286804		-0,871666		99,666702
1,349999		99,278076		-0,874047		99,660057
1,359999		99,269325		-0,876387		99,653351
1,369999		99,260551		-0,878686		99,646599
1,379999		99,251755		-0,880945		99,639786
1,389999		99,242935		-0,883165		99,632927
1,399999		99,234093		-0,885346		99,626015
1,409999		99,225227		-0,887488		99,619041
1,419999		99,216339		-0,889593		99,612030
1,429999		99,207436		-0,891661		99,604965
1,439999		99,198509		-0,893692		99,597855
1,449999		99,189560		-0,895687		99,590691
1,459999		99,180595		-0,897647		99,583481
1,469999		99,171608		-0,899572		99,576225
1,479999		99,162605		-0,901462		99,568924
1,489999		99,153580		-0,903319		99,561569
1,499999		99,144539		-0,905142		99,554184
1,509999		99,135475		-0,906933		99,546738
1,519999		99,126396		-0,908692		99,539253
1,529999		99,117302		-0,910419		99,531731
1,539999		99,108192		-0,912115		99,524170
1,549999		99,099060		-0,913780		99,516556
1,559999		99,089912		-0,915415		99,508904
1,569999		99,080750		-0,917020		99,501213
1,579999		99,071571		-0,918596		99,493484
1,589999		99,062378		-0,920144		99,485710
1,599999		99,053169		-0,921663		99,477898
1,609999		99,043945		-0,923154		99,470055
1,619999		99,034706		-0,924619		99,462166
1,629999		99,025452		-0,926056		99,454239
1,639999		99,016182		-0,927467		99,446281
1,649999		99,006897		-0,928852		99,438278
1,659999		98,997604		-0,930212		99,430252
1,669999		98,988297		-0,931546		99,422188
1,679999		98,978973		-0,932856		99,414085
1,689999		98,969635		-0,934142		99,405945
1,699999		98,960289		-0,935404		99,397781
1,709999		98,950928		-0,936642		99,389580
1,719999		98,941559		-0,937858		99,381348
1,729999		98,932175		-0,939051		99,373085
1,739999		98,922775		-0,940221		99,364784
1,749999		98,913368		-0,941370		99,356461
1,759999		98,903946		-0,942498		99,348099
1,769999		98,894516		-0,943604		99,339714
1,779999		98,885071		-0,944690		99,331291
1,789999		98,875618		-0,945755		99,322845
1,799999		98,866158		-0,946801		99,314377
1,809999		98,856682		-0,947827		99,305870
1,819999		98,847198		-0,948833		99,297340
1,829999		98,837708		-0,949821		99,288788
1,839999		98,828201		-0,950790		99,280205
1,849999		98,818687		-0,951741		99,271591
1,859999		98,809166		-0,952674		99,262962
1,869999		98,799637		-0,953589		99,254303
1,879999		98,790100		-0,954487		99,245621
1,889999		98,780548		-0,955368		99,236916
1,899999		98,770988		-0,956233		99,228180
1,909999		98,761421		-0,957081		99,219421
1,919999		98,751846		-0,957913		99,210648
1,929999		98,742264		-0,958729		99,201843
1,939999		98,732674		-0,959529		99,193024
1,949998		98,723076		-0,960315		99,184181
1,959998		98,713470		-0,961085		99,175316
1,969998		98,703857		-0,961841		99,166428
1,979998		98,694237		-0,962583		99,157516
1,989998		98,684608		-0,963310		99,148590
1,999998		98,674973		-0,964023		99,139641
2,009999		98,665329		-0,964723		99,130676
2,019999		98,655678		-0,965409		99,121689
2,029999		98,646019		-0,966083		99,112679
2,039999		98,636353		-0,966743		99,103645
2,049999		98,626678		-0,967391		99,094604
2,059999		98,617004		-0,968026		99,085541
2,069999		98,607323		-0,968649		99,076462
2,079998		98,597633		-0,969261		99,067368
2,089998		98,587936		-0,969860		99,058250
2,099998		98,578232		-0,970448		99,049118
2,109998		98,568527		-0,971025		99,039970
2,119998		98,558815		-0,971590		99,030807
2,129998		98,549095		-0,972145		99,021629
2,139998		98,539368		-0,972689		99,012428
2,149998		98,529640		-0,973222		99,003220
2,159998		98,519905		-0,973746		98,993996
2,169998		98,510162		-0,974259		98,984749
2,179998		98,500420		-0,974762		98,975502
2,189998		98,490669		-0,975256		98,966232
2,199998		98,480911		-0,975740		98,956947
2,209998		98,471153		-0,976214		98,947647
2,219998		98,461388		-0,976680		98,938339
2,229998		98,451622		-0,977136		98,929016
2,239998		98,441849		-0,977584		98,919685
2,249998		98,432068		-0,978023		98,910332
2,259998		98,422287		-0,978453		98,900970
2,269998		98,412498		-0,978875		98,891594
2,279998		98,402710		-0,979289		98,882217
2,289998		98,392914		-0,979695		98,872818
2,299998		98,383118		-0,980093		98,863411
2,309998		98,373314		-0,980483		98,853989
2,319998		98,363510		-0,980866		98,844559
2,329998		98,353699		-0,981241		98,835114
2,339998		98,343887		-0,981609		98,825668
2,349998		98,334068		-0,981970		98,816200
2,359998		98,324249		-0,982324		98,806732
2,369998		98,314423		-0,982671		98,797241
2,379998		98,304596		-0,983011		98,787750
2,389998		98,294762		-0,983345		98,778244
2,399998		98,284927		-0,983672		98,768730
2,409998		98,275085		-0,983993		98,759209
2,419998		98,265244		-0,984307		98,749672
2,429998		98,255402		-0,984615		98,740135
2,439998		98,245552		-0,984918		98,730583
2,449998		98,235703		-0,985214		98,721024
2,459998		98,225845		-0,985505		98,711456
2,469998		98,215988		-0,985790		98,701881
2,479998		98,206131		-0,986069		98,692299
2,489998		98,196266		-0,986343		98,682701
2,499998		98,186401		-0,986612		98,673103
2,509998		98,176537		-0,986875		98,663498
2,519998		98,166664		-0,987133		98,653877
2,529998		98,156792		-0,987386		98,644257
2,539998		98,146919		-0,987635		98,634628
2,549998		98,137039		-0,987878		98,624992
2,559998		98,127159		-0,988117		98,615349
2,569998		98,117279		-0,988351		98,605698
2,579998		98,107391		-0,988580		98,596039
2,589998		98,097504		-0,988805		98,586372
2,599998		98,087616		-0,989025		98,576698
2,609998		98,077728		-0,989241		98,567024
2,619998		98,067833		-0,989453		98,557343
2,629998		98,057938		-0,989661		98,547653
2,639998		98,048042		-0,989865		98,537956
2,649998		98,038139		-0,990064		98,528252
2,659998		98,028236		-0,990260		98,518547
2,669998		98,018333		-0,990452		98,508827
2,679998		98,008430		-0,990640		98,499115
2,689998		97,998520		-0,990825		98,489388
2,699998		97,988609		-0,991005		98,479652
2,709998		97,978699		-0,991183		98,469917
2,719998		97,968788		-0,991357		98,460182
2,729998		97,958870		-0,991527		98,450432
2,739998		97,948952		-0,991694		98,440681
2,749998		97,939034		-0,991858		98,430923
2,759998		97,929115		-0,992018		98,421165
2,769998		97,919197		-0,992176		98,411400
2,779998		97,909271		-0,992330		98,401634
2,789998		97,899345		-0,992481		98,391853
2,799998		97,889420		-0,992630		98,382080
2,809998		97,879494		-0,992775		98,372292
2,819998		97,869568		-0,992918		98,362511
2,829998		97,859634		-0,993057		98,352715
2,839998		97,849701		-0,993194		98,342918
2,849998		97,839767		-0,993329		98,333115
2,859998		97,829834		-0,993460		98,323318
2,869998		97,819901		-0,993589		98,313507
2,879998		97,809967		-0,993716		98,303703
2,889998		97,800026		-0,993840		98,293884
2,899998		97,790085		-0,993962		98,284065
2,909998		97,780144		-0,994081		98,274239
2,919998		97,770203		-0,994198		98,264420
2,929998		97,760262		-0,994312		98,254593
2,939998		97,750320		-0,994425		98,244759
2,949998		97,740379		-0,994535		98,234932
2,959998		97,730431		-0,994643		98,225090
2,969998		97,720482		-0,994748		98,215240
2,979998		97,710533		-0,994852		98,205399
2,989998		97,700584		-0,994954		98,195549
2,999998		97,690636		-0,995053		98,185699
3,009998		97,680687		-0,995151		98,175850
3,019998		97,670738		-0,995247		98,165993
3,029998		97,660782		-0,995341		98,156136
3,039998		97,650826		-0,995433		98,146271
3,049998		97,640869		-0,995523		98,136406
3,059998		97,630913		-0,995611		98,126534
3,069998		97,620956		-0,995698		98,116661
3,079998		97,611000		-0,995783		98,106789
3,089998		97,601044		-0,995867		98,096916
3,099998		97,591087		-0,995948		98,087044
3,109998		97,581131		-0,996028		98,077164
3,119998		97,571167		-0,996107		98,067284
3,129997		97,561203		-0,996184		98,057396
3,139997		97,551239		-0,996259		98,047508
3,149997		97,541275		-0,996333		98,037613
3,159997		97,531311		-0,996405		98,027725
3,169997		97,521347		-0,996477		98,017830
3,179997		97,511383		-0,996546		98,007935
3,189997		97,501419		-0,996614		97,998039
3,199997		97,491455		-0,996681		97,988144
3,209997		97,481491		-0,996747		97,978241
3,219997		97,471527		-0,996811		97,968346
3,229997		97,461555		-0,996874		97,958435
3,239997		97,451584		-0,996936		97,948524
3,249997		97,441612		-0,996997		97,938614
3,259997		97,431641		-0,997056		97,928703
3,269997		97,421669		-0,997114		97,918785
3,279997		97,411697		-0,997171		97,908875
3,289997		97,401726		-0,997227		97,898956
3,299997		97,391754		-0,997282		97,889038
3,309997		97,381783		-0,997336		97,879120
3,319997		97,371811		-0,997389		97,869202
3,329997		97,361839		-0,997440		97,859283
3,339997		97,351868		-0,997491		97,849365
3,349997		97,341896		-0,997540		97,839439
3,359997		97,331917		-0,997589		97,829506
3,369997		97,321938		-0,997637		97,819580
3,379997		97,311958		-0,997683		97,809647
3,389997		97,301979		-0,997729		97,799713
3,399997		97,292000		-0,997774		97,789780
3,409997		97,282021		-0,997818		97,779839
3,419997		97,272041		-0,997861		97,769905
3,429997		97,262062		-0,997904		97,759972
3,439997		97,252083		-0,997945		97,750031
3,449997		97,242104		-0,997986		97,740089
3,459997		97,232124		-0,998026		97,730148
3,469997		97,222145		-0,998065		97,720215
3,479997		97,212166		-0,998103		97,710274
3,489997		97,202187		-0,998141		97,700333
3,499997		97,192207		-0,998177		97,690384
3,509997		97,182228		-0,998213		97,680443
3,519997		97,172249		-0,998249		97,670502
3,529997		97,162270		-0,998283		97,660553
3,539997		97,152290		-0,998317		97,650612
3,549997		97,142303		-0,998351		97,640656
3,559997		97,132317		-0,998383		97,630699
3,569997		97,122330		-0,998415		97,620743
3,579997		97,112343		-0,998447		97,610794
3,589997		97,102356		-0,998477		97,600838
3,599997		97,092369		-0,998507		97,590881
3,609997		97,082382		-0,998537		97,580917
3,619997		97,072395		-0,998566		97,570961
3,629997		97,062408		-0,998594		97,561005
3,639997		97,052422		-0,998622		97,551048
3,649997		97,042435		-0,998649		97,541084
3,659997		97,032448		-0,998676		97,531128
3,669997		97,022461		-0,998702		97,521164
3,679997		97,012474		-0,998728		97,511200
3,689997		97,002487		-0,998753		97,501244
3,699997		96,992500		-0,998778		97,491280
3,709997		96,982513		-0,998802		97,481316
3,719997		96,972527		-0,998826		97,471352
3,729997		96,962540		-0,998849		97,461388
3,739997		96,952553		-0,998872		97,451424
3,749997		96,942566		-0,998894		97,441460
3,759997		96,932579		-0,998916		97,431496
3,769997		96,922592		-0,998937		97,421532
3,779997		96,912605		-0,998958		97,411568
3,789997		96,902618		-0,998979		97,401596
3,799997		96,892632		-0,998999		97,391632
3,809997		96,882645		-0,999019		97,381660
3,819997		96,872658		-0,999039		97,371696
3,829997		96,862671		-0,999058		97,361732
3,839997		96,852684		-0,999076		97,351761
3,849997		96,842690		-0,999094		97,341782
3,859997		96,832695		-0,999112		97,331810
3,869997		96,822701		-0,999130		97,321831
3,879997		96,812706		-0,999147		97,311852
3,889997		96,802711		-0,999164		97,301872
3,899997		96,792717		-0,999181		97,291901
3,909997		96,782722		-0,999197		97,281921
3,919997		96,772728		-0,999213		97,271942
3,929997		96,762733		-0,999228		97,261963
3,939997		96,752739		-0,999244		97,251984
3,949997		96,742744		-0,999259		97,242004
3,959997		96,732750		-0,999273		97,232025
3,969997		96,722755		-0,999288		97,222046
3,979997		96,712761		-0,999302		97,212067
3,989997		96,702766		-0,999316		97,202080
3,999997		96,692772		-0,999329		97,192101
4,009997		96,682777		-0,999342		97,182121
4,019997		96,672783		-0,999355		97,172142
4,029997		96,662788		-0,999368		97,162155
4,039998		96,652794		-0,999381		97,152176
4,049998		96,642799		-0,999393		97,142189
4,059998		96,632805		-0,999405		97,132210
4,069998		96,622810		-0,999417		97,122231
4,079998		96,612816		-0,999428		97,112244
4,089999		96,602821		-0,999440		97,102264
4,099999		96,592827		-0,999451		97,092278
4,109999		96,582832		-0,999462		97,082291
4,119999		96,572838		-0,999472		97,072311
4,130000		96,562843		-0,999483		97,062325
4,140000		96,552849		-0,999493		97,052345
4,150000		96,542854		-0,999503		97,042358
4,160000		96,532860		-0,999513		97,032372
4,170001		96,522865		-0,999522		97,022385
4,180001		96,512871		-0,999532		97,012405
4,190001		96,502876		-0,999541		97,002419
4,200001		96,492882		-0,999550		96,992432
4,210001		96,482887		-0,999559		96,982445
4,220002		96,472893		-0,999568		96,972458
4,230002		96,462898		-0,999576		96,962471
4,240002		96,452904		-0,999585		96,952492
4,250002		96,442909		-0,999593		96,942505
4,260003		96,432915		-0,999601		96,932518
4,270003		96,422920		-0,999609		96,922531
4,280003		96,412926		-0,999617		96,912544
4,290003		96,402931		-0,999624		96,902557
4,300004		96,392937		-0,999632		96,892570
4,310004		96,382942		-0,999639		96,882584
4,320004		96,372948		-0,999646		96,872597
4,330004		96,362953		-0,999653		96,862610
4,340004		96,352959		-0,999660		96,852615
4,350005		96,342964		-0,999667		96,842628
4,360005		96,332970		-0,999673		96,832642
4,370005		96,322975		-0,999680		96,822655
4,380005		96,312981		-0,999686		96,812668
4,390006		96,302986		-0,999692		96,802681
4,400006		96,292992		-0,999698		96,792686
4,410006		96,282997		-0,999704		96,782700
4,420006		96,273003		-0,999710		96,772713
4,430007		96,263008		-0,999716		96,762726
4,440007		96,253014		-0,999722		96,752739
4,450007		96,243019		-0,999727		96,742744
4,460007		96,233025		-0,999732		96,732758
4,470007		96,223030		-0,999738		96,722771
4,480008		96,213036		-0,999743		96,712776
4,490008		96,203041		-0,999748		96,702789
4,500008		96,193047		-0,999753		96,692802
4,510008		96,183052		-0,999758		96,682808
4,520009		96,173058		-0,999763		96,672821
4,530009		96,163063		-0,999767		96,662834
4,540009		96,153069		-0,999772		96,652840
4,550009		96,143074		-0,999776		96,642853
4,560009		96,133080		-0,999781		96,632858
4,570010		96,123085		-0,999785		96,622871
4,580010		96,113091		-0,999789		96,612877
4,590010		96,103096		-0,999794		96,602890
4,600010		96,093102		-0,999798		96,592896
4,610011		96,083107		-0,999802		96,582909
4,620011		96,073112		-0,999806		96,572922
4,630011		96,063118		-0,999810		96,562927
4,640011		96,053123		-0,999813		96,552940
4,650012		96,043129		-0,999817		96,542946
4,660012		96,033134		-0,999821		96,532951
4,670012		96,023140		-0,999824		96,522964
4,680012		96,013145		-0,999828		96,512970
4,690012		96,003151		-0,999831		96,502983
4,700013		95,993149		-0,999834		96,492981
4,710013		95,983147		-0,999838		96,482986
4,720013		95,973145		-0,999841		96,472984
4,730013		95,963142		-0,999844		96,462990
4,740014		95,953140		-0,999847		96,452988
4,750014		95,943138		-0,999850		96,442986
4,760014		95,933136		-0,999853		96,432991
4,770014		95,923134		-0,999856		96,422989
4,780015		95,913132		-0,999859		96,412994
4,790015		95,903130		-0,999862		96,402992
4,800015		95,893127		-0,999865		96,392990
4,810015		95,883125		-0,999867		96,382996
4,820015		95,873123		-0,999870		96,372993
4,830016		95,863121		-0,999872		96,362991
4,840016		95,853119		-0,999875		96,352997
4,850016		95,843117		-0,999877		96,342995
4,860016		95,833115		-0,999880		96,332993
4,870017		95,823112		-0,999882		96,322998
4,880017		95,813110		-0,999885		96,312996
4,890017		95,803108		-0,999887		96,302994
4,900017		95,793106		-0,999889		96,292992
4,910017		95,783104		-0,999891		96,282997
4,920018		95,773102		-0,999893		96,272995
4,930018		95,763100		-0,999896		96,262993
4,940018		95,753098		-0,999898		96,252998
4,950018		95,743095		-0,999900		96,242996
4,960019		95,733093		-0,999902		96,232994
4,970019		95,723091		-0,999904		96,222992
4,980019		95,713089		-0,999905		96,212997
4,990019		95,703087		-0,999907		96,202995
5,000020		95,693085		-0,999909		96,192993
5,010020		95,683083		-0,999911		96,182991
5,020020		95,673080		-0,999913		96,172997
5,030020		95,663078		-0,999914		96,162994
5,040020		95,653076		-0,999916		96,152992
5,050021		95,643074		-0,999918		96,142990
5,060021		95,633072		-0,999919		96,132988
5,070021		95,623070		-0,999921		96,122993
5,080021		95,613068		-0,999923		96,112991
5,090022		95,603065		-0,999924		96,102989
5,100022		95,593063		-0,999926		96,092987
5,110022		95,583061		-0,999927		96,082985
5,120022		95,573059		-0,999929		96,072990
5,130023		95,563057		-0,999930		96,062988
5,140023		95,553055		-0,999931		96,052986
5,150023		95,543053		-0,999933		96,042984
5,160023		95,533051		-0,999934		96,032982
5,170023		95,523048		-0,999935		96,022987
5,180024		95,513046		-0,999937		96,012985
5,190024		95,503044		-0,999938		96,002983
5,200024		95,493042		-0,999939		95,992981
5,210024		95,483040		-0,999940		95,982979
5,220025		95,473038		-0,999941		95,972977
5,230025		95,463036		-0,999943		95,962975
5,240025		95,453033		-0,999944		95,952980
5,250025		95,443031		-0,999945		95,942978
5,260026		95,433029		-0,999946		95,932976
5,270026		95,423027		-0,999947		95,922974
5,280026		95,413025		-0,999948		95,912971
5,290026		95,403023		-0,999949		95,902969
5,300026		95,393021		-0,999950		95,892967
5,310027		95,383018		-0,999951		95,882973
5,320027		95,373016		-0,999952		95,872971
5,330027		95,363014		-0,999953		95,862968
5,340027		95,353012		-0,999954		95,852966
5,350028		95,343010		-0,999955		95,842964
5,360028		95,333008		-0,999956		95,832962
5,370028		95,323006		-0,999957		95,822960
5,380028		95,313004		-0,999958		95,812958
5,390028		95,303001		-0,999958		95,802963
5,400029		95,292999		-0,999959		95,792961
5,410029		95,282997		-0,999960		95,782959
5,420029		95,272995		-0,999961		95,772957
5,430029		95,262993		-0,999962		95,762955
5,440030		95,252991		-0,999962		95,752953
5,450030		95,242989		-0,999963		95,742950
5,460030		95,232986		-0,999964		95,732948
5,470030		95,222984		-0,999965		95,722946
5,480031		95,212982		-0,999965		95,712944
5,490031		95,202980		-0,999966		95,702950
5,500031		95,192978		-0,999967		95,692947
5,510031		95,182976		-0,999967		95,682945
5,520031		95,172974		-0,999968		95,672943
5,530032		95,162971		-0,999969		95,662941
5,540032		95,152969		-0,999969		95,652939
5,550032		95,142967		-0,999970		95,642937
5,560032		95,132965		-0,999970		95,632935
5,570033		95,122963		-0,999971		95,622932
5,580033		95,112961		-0,999972		95,612930
5,590033		95,102959		-0,999972		95,602928
5,600033		95,092957		-0,999973		95,592926
5,610034		95,082954		-0,999973		95,582924
5,620034		95,072952		-0,999974		95,572929
5,630034		95,062950		-0,999974		95,562927
5,640034		95,052948		-0,999975		95,552925
5,650034		95,042946		-0,999975		95,542923
5,660035		95,032944		-0,999976		95,532921
5,670035		95,022942		-0,999976		95,522919
5,680035		95,012939		-0,999977		95,512917
5,690035		95,002937		-0,999977		95,502914
5,700036		94,992935		-0,999978		95,492912
5,710036		94,982933		-0,999978		95,482910
5,720036		94,972931		-0,999978		95,472908
5,730036		94,962929		-0,999979		95,462906
5,740036		94,952927		-0,999979		95,452904
5,750037		94,942924		-0,999980		95,442902
5,760037		94,932922		-0,999980		95,432899
5,770037		94,922920		-0,999981		95,422897
5,780037		94,912918		-0,999981		95,412903
5,790038		94,902916		-0,999981		95,402901
5,800038		94,892914		-0,999982		95,392899
5,810038		94,882912		-0,999982		95,382896
5,820038		94,872910		-0,999982		95,372894
5,830039		94,862907		-0,999983		95,362892
5,840039		94,852905		-0,999983		95,352890
5,850039		94,842903		-0,999983		95,342888
5,860039		94,832901		-0,999984		95,332886
5,870039		94,822899		-0,999984		95,322884
5,880040		94,812897		-0,999984		95,312881
5,890040		94,802895		-0,999985		95,302879
5,900040		94,792892		-0,999985		95,292877
5,910040		94,782890		-0,999985		95,282875
5,920041		94,772888		-0,999986		95,272873
5,930041		94,762886		-0,999986		95,262871
5,940041		94,752884		-0,999986		95,252869
5,950041		94,742882		-0,999986		95,242867
5,960042		94,732880		-0,999987		95,232864
5,970042		94,722878		-0,999987		95,222862
5,980042		94,712875		-0,999987		95,212860
5,990042		94,702873		-0,999987		95,202858
6,000042		94,692871		-0,999988		95,192856
6,010043		94,682869		-0,999988		95,182854
6,020043		94,672867		-0,999988		95,172852
6,030043		94,662865		-0,999988		95,162849
6,040043		94,652863		-0,999989		95,152855
6,050044		94,642860		-0,999989		95,142853
6,060044		94,632858		-0,999989		95,132851
6,070044		94,622856		-0,999989		95,122849
6,080044		94,612854		-0,999990		95,112846
6,090044		94,602852		-0,999990		95,102844
6,100045		94,592850		-0,999990		95,092842
6,110045		94,582848		-0,999990		95,082840
6,120045		94,572845		-0,999990		95,072838
6,130045		94,562843		-0,999990		95,062836
6,140046		94,552841		-0,999991		95,052834
6,150046		94,542839		-0,999991		95,042831
6,160046		94,532837		-0,999991		95,032829
6,170046		94,522835		-0,999991		95,022827
6,180047		94,512833		-0,999991		95,012825
6,190047		94,502831		-0,999992		95,002823
6,200047		94,492828		-0,999992		94,992821
6,210047		94,482826		-0,999992		94,982819
6,220047		94,472824		-0,999992		94,972816
6,230048		94,462822		-0,999992		94,962814
6,240048		94,452820		-0,999992		94,952812
6,250048		94,442818		-0,999993		94,942810
6,260048		94,432816		-0,999993		94,932808
6,270049		94,422813		-0,999993		94,922806
6,280049		94,412811		-0,999993		94,912804
6,290049		94,402809		-0,999993		94,902802
6,300049		94,392807		-0,999993		94,892799
6,310050		94,382805		-0,999993		94,882797
6,320050		94,372803		-0,999993		94,872795
6,330050		94,362801		-0,999994		94,862793
6,340050		94,352798		-0,999994		94,852791
6,350050		94,342796		-0,999994		94,842789
6,360051		94,332794		-0,999994		94,832787
6,370051		94,322792		-0,999994		94,822784
6,380051		94,312790		-0,999994		94,812782
6,390051		94,302788		-0,999994		94,802780
6,400052		94,292786		-0,999994		94,792778
6,410052		94,282784		-0,999995		94,782776
6,420052		94,272781		-0,999995		94,772774
6,430052		94,262779		-0,999995		94,762772
6,440053		94,252777		-0,999995		94,752769
6,450053		94,242775		-0,999995		94,742767
6,460053		94,232773		-0,999995		94,732765
6,470053		94,222771		-0,999995		94,722763
6,480053		94,212769		-0,999995		94,712761
6,490054		94,202766		-0,999995		94,702759
6,500054		94,192764		-0,999996		94,692757
6,510054		94,182762		-0,999996		94,682755
6,520054		94,172760		-0,999996		94,672752
6,530055		94,162758		-0,999996		94,662750
6,540055		94,152756		-0,999996		94,652748
6,550055		94,142754		-0,999996		94,642746
6,560055		94,132751		-0,999996		94,632744
6,570055		94,122749		-0,999996		94,622742
6,580056		94,112747		-0,999996		94,612740
6,590056		94,102745		-0,999996		94,602737
6,600056		94,092743		-0,999996		94,592735
6,610056		94,082741		-0,999996		94,582741
6,620057		94,072739		-0,999996		94,572739
6,630057		94,062737		-0,999996		94,562737
6,640057		94,052734		-0,999996		94,552734
6,650057		94,042732		-0,999996		94,542732
6,660058		94,032730		-0,999996		94,532730
6,670058		94,022728		-0,999997		94,522728
6,680058		94,012726		-0,999997		94,512726
6,690058		94,002724		-0,999997		94,502724
6,700058		93,992722		-0,999997		94,492722
6,710059		93,982719		-0,999997		94,482719
6,720059		93,972717		-0,999997		94,472717
6,730059		93,962715		-0,999997		94,462715
6,740059		93,952713		-0,999997		94,452713
6,750060		93,942711		-0,999997		94,442711
6,760060		93,932709		-0,999997		94,432709
6,770060		93,922707		-0,999997		94,422707
6,780060		93,912704		-0,999997		94,412704
6,790061		93,902702		-0,999997		94,402702
6,800061		93,892700		-0,999997		94,392700
6,810061		93,882698		-0,999997		94,382698
6,820061		93,872696		-0,999997		94,372696
6,830061		93,862694		-0,999997		94,362694
6,840062		93,852692		-0,999998		94,352692
6,850062		93,842690		-0,999998		94,342690
6,860062		93,832687		-0,999998		94,332687
6,870062		93,822685		-0,999998		94,322685
6,880063		93,812683		-0,999998		94,312683
6,890063		93,802681		-0,999998		94,302681
6,900063		93,792679		-0,999998		94,292679
6,910063		93,782677		-0,999998		94,282677
6,920063		93,772675		-0,999998		94,272675
6,930064		93,762672		-0,999998		94,262672
6,940064		93,752670		-0,999998		94,252670
6,950064		93,742668		-0,999998		94,242668
6,960064		93,732666		-0,999998		94,232666
6,970065		93,722664		-0,999998		94,222664
6,980065		93,712662		-0,999998		94,212662
6,990065		93,702660		-0,999998		94,202660
7,000065		93,692657		-0,999999		94,192657
7,010066		93,682655		-0,999999		94,182655
7,020066		93,672653		-0,999999		94,172653
7,030066		93,662651		-0,999999		94,162651
7,040066		93,652649		-0,999999		94,152649
7,050066		93,642647		-0,999999		94,142647
7,060067		93,632645		-0,999999		94,132645
7,070067		93,622643		-0,999999		94,122643
7,080067		93,612640		-0,999999		94,112640
7,090067		93,602638		-0,999999		94,102638
7,100068		93,592636		-0,999999		94,092636
7,110068		93,582634		-0,999999		94,082634
7,120068		93,572632		-0,999999		94,072632
7,130068		93,562630		-0,999999		94,062630
7,140069		93,552628		-0,999999		94,052628
7,150069		93,542625		-0,999999		94,042625
7,160069		93,532623		-0,999999		94,032623
7,170069		93,522621		-0,999999		94,022621
7,180069		93,512619		-0,999999		94,012619
7,190070		93,502617		-0,999999		94,002617
7,200070		93,492615		-0,999999		93,992615
7,210070		93,482613		-0,999999		93,982613
7,220070		93,472610		-0,999999		93,972610
7,230071		93,462608		-0,999999		93,962608
7,240071		93,452606		-0,999999		93,952606
7,250071		93,442604		-0,999999		93,942604
7,260071		93,432602		-0,999999		93,932602
7,270072		93,422600		-0,999999		93,922600
7,280072		93,412598		-0,999999		93,912598
7,290072		93,402596		-0,999999		93,902596
7,300072		93,392593		-0,999999		93,892593
7,310072		93,382591		-0,999999		93,882591
7,320073		93,372589		-0,999999		93,872589
7,330073		93,362587		-0,999999		93,862587
7,340073		93,352585		-0,999999		93,852585
7,350073		93,342583		-0,999999		93,842583
7,360074		93,332581		-0,999999		93,832581
7,370074		93,322578		-0,999999		93,822578
7,380074		93,312576		-0,999999		93,812576
7,390074		93,302574		-0,999999		93,802574
7,400074		93,292572		-0,999999		93,792572
7,410075		93,282570		-0,999999		93,782570
7,420075		93,272568		-0,999999		93,772568
7,430075		93,262566		-0,999999		93,762566
7,440075		93,252563		-0,999999		93,752563
7,450076		93,242561		-0,999999		93,742561
7,460076		93,232559		-0,999999		93,732559
7,470076		93,222557		-0,999999		93,722557
7,480076		93,212555		-0,999999		93,712555
7,490077		93,202553		-0,999999		93,702553
7,500077		93,192551		-0,999999		93,692551
7,510077		93,182549		-0,999999		93,682549
7,520077		93,172546		-0,999999		93,672546
7,530077		93,162544		-0,999999		93,662544
7,540078		93,152542		-0,999999		93,652542
7,550078		93,142540		-0,999999		93,642540
7,560078		93,132538		-0,999999		93,632538
7,570078		93,122536		-0,999999		93,622536
7,580079		93,112534		-0,999999		93,612534
7,590079		93,102531		-0,999999		93,602531
7,600079		93,092529		-0,999999		93,592529
7,610079		93,082527		-0,999999		93,582527
7,620080		93,072525		-0,999999		93,572525
7,630080		93,062523		-0,999999		93,562523
7,640080		93,052521		-0,999999		93,552521
7,650080		93,042519		-0,999999		93,542519
7,660080		93,032516		-0,999999		93,532516
7,670081		93,022514		-0,999999		93,522514
7,680081		93,012512		-0,999999		93,512512
7,690081		93,002510		-0,999999		93,502510
7,700081		92,992508		-0,999999		93,492508
7,710082		92,982506		-0,999999		93,482506
7,720082		92,972504		-0,999999		93,472504
7,730082		92,962502		-0,999999		93,462502
7,740082		92,952499		-0,999999		93,452499
7,750082		92,942497		-0,999999		93,442497
7,760083		92,932495		-0,999999		93,432495
7,770083		92,922493		-0,999999		93,422493
7,780083		92,912491		-0,999999		93,412491
7,790083		92,902489		-0,999999		93,402489
7,800084		92,892487		-0,999999		93,392487
7,810084		92,882484		-0,999999		93,382484
7,820084		92,872482		-0,999999		93,372482
7,830084		92,862480		-0,999999		93,362480
7,840085		92,852478		-0,999999		93,352478
7,850085		92,842476		-0,999999		93,342476
7,860085		92,832474		-0,999999		93,332474
7,870085		92,822472		-0,999999		93,322472
7,880085		92,812469		-0,999999		93,312469
7,890086		92,802467		-0,999999		93,302467
7,900086		92,792465		-0,999999		93,292465
7,910086		92,782463		-0,999999		93,282463
7,920086		92,772461		-0,999999		93,272461
7,930087		92,762459		-0,999999		93,262459
7,940087		92,752457		-0,999999		93,252457
7,950087		92,742455		-0,999999		93,242455
7,960087		92,732452		-0,999999		93,232452
7,970088		92,722450		-0,999999		93,222450
7,980088		92,712448		-0,999999		93,212448
7,990088		92,702446		-0,999999		93,202446
8,000088		92,692444		-0,999999		93,192444
8,010088		92,682442		-0,999999		93,182442
8,020088		92,672440		-0,999999		93,172440
8,030088		92,662437		-0,999999		93,162437
8,040089		92,652435		-0,999999		93,152435
8,050089		92,642433		-0,999999		93,142433
8,060089		92,632431		-0,999999		93,132431
8,070089		92,622429		-0,999999		93,122429
8,080090		92,612427		-0,999999		93,112427
8,090090		92,602425		-0,999999		93,102425
8,100090		92,592422		-0,999999		93,092422
8,110090		92,582420		-0,999999		93,082420
8,120090		92,572418		-0,999999		93,072418
8,130091		92,562416		-0,999999		93,062416
8,140091		92,552414		-0,999999		93,052414
8,150091		92,542412		-0,999999		93,042412
8,160091		92,532410		-0,999999		93,032410
8,170092		92,522408		-0,999999		93,022408
8,180092		92,512405		-0,999999		93,012405
8,190092		92,502403		-0,999999		93,002403
8,200092		92,492401		-0,999999		92,992401
8,210093		92,482399		-0,999999		92,982399
8,220093		92,472397		-0,999999		92,972397
8,230093		92,462395		-0,999999		92,962395
8,240093		92,452393		-0,999999		92,952393
8,250093		92,442390		-0,999999		92,942390
8,260094		92,432388		-0,999999		92,932388
8,270094		92,422386		-0,999999		92,922386
8,280094		92,412384		-0,999999		92,912384
8,290094		92,402382		-0,999999		92,902382
8,300095		92,392380		-0,999999		92,892380
8,310095		92,382378		-0,999999		92,882378
8,320095		92,372375		-0,999999		92,872375
8,330095		92,362373		-0,999999		92,862373
8,340096		92,352371		-0,999999		92,852371
8,350096		92,342369		-0,999999		92,842369
8,360096		92,332367		-0,999999		92,832367
8,370096		92,322365		-0,999999		92,822365
8,380096		92,312363		-0,999999		92,812363
8,390097		92,302361		-0,999999		92,802361
8,400097		92,292358		-0,999999		92,792358
8,410097		92,282356		-0,999999		92,782356
8,420097		92,272354		-0,999999		92,772354
8,430098		92,262352		-0,999999		92,762352
8,440098		92,252350		-0,999999		92,752350
8,450098		92,242348		-0,999999		92,742348
8,460098		92,232346		-0,999999		92,732346
8,470098		92,222343		-0,999999		92,722343
8,480099		92,212341		-0,999999		92,712341
8,490099		92,202339		-0,999999		92,702339
8,500099		92,192337		-0,999999		92,692337
8,510099		92,182335		-0,999999		92,682335
8,520100		92,172333		-0,999999		92,672333
8,530100		92,162331		-0,999999		92,662331
8,540100		92,152328		-0,999999		92,652328
8,550100		92,142326		-0,999999		92,642326
8,560101		92,132324		-0,999999		92,632324
8,570101		92,122322		-0,999999		92,622322
8,580101		92,112320		-0,999999		92,612320
8,590101		92,102318		-0,999999		92,602318
8,600101		92,092316		-0,999999		92,592316
8,610102		92,082314		-0,999999		92,582314
8,620102		92,072311		-0,999999		92,572311
8,630102		92,062309		-0,999999		92,562309
8,640102		92,052307		-0,999999		92,552307
8,650103		92,042305		-0,999999		92,542305
8,660103		92,032303		-0,999999		92,532303
8,670103		92,022301		-0,999999		92,522301
8,680103		92,012299		-0,999999		92,512299
8,690104		92,002296		-0,999999		92,502296
8,700104		91,992294		-0,999999		92,492294
8,710104		91,982292		-0,999999		92,482292
8,720104		91,972290		-0,999999		92,472290
8,730104		91,962288		-0,999999		92,462288
8,740105		91,952286		-0,999999		92,452286
8,750105		91,942284		-0,999999		92,442284
8,760105		91,932281		-0,999999		92,432281
8,770105		91,922279		-0,999999		92,422279
8,780106		91,912277		-0,999999		92,412277
8,790106		91,902275		-0,999999		92,402275
8,800106		91,892273		-0,999999		92,392273
8,810106		91,882271		-0,999999		92,382271
8,820107		91,872269		-0,999999		92,372269
8,830107		91,862267		-0,999999		92,362267
8,840107		91,852264		-0,999999		92,352264
8,850107		91,842262		-0,999999		92,342262
8,860107		91,832260		-0,999999		92,332260
8,870108		91,822258		-0,999999		92,322258
8,880108		91,812256		-0,999999		92,312256
8,890108		91,802254		-0,999999		92,302254
8,900108		91,792252		-0,999999		92,292252
8,910109		91,782249		-0,999999		92,282249
8,920109		91,772247		-0,999999		92,272247
8,930109		91,762245		-0,999999		92,262245
8,940109		91,752243		-0,999999		92,252243
8,950109		91,742241		-0,999999		92,242241
8,960110		91,732239		-0,999999		92,232239
8,970110		91,722237		-0,999999		92,222237
8,980110		91,712234		-0,999999		92,212234
8,990110		91,702232		-0,999999		92,202232
9,000111		91,692230		-0,999999		92,192230
9,010111		91,682228		-0,999999		92,182228
9,020111		91,672226		-0,999999		92,172226
9,030111		91,662224		-0,999999		92,162224
9,040112		91,652222		-0,999999		92,152222
9,050112		91,642220		-0,999999		92,142220
9,060112		91,632217		-0,999999		92,132217
9,070112		91,622215		-0,999999		92,122215
9,080112		91,612213		-0,999999		92,112213
9,090113		91,602211		-0,999999		92,102211
9,100113		91,592209		-0,999999		92,092209
9,110113		91,582207		-0,999999		92,082207
9,120113		91,572205		-0,999999		92,072205
9,130114		91,562202		-0,999999		92,062202
9,140114		91,552200		-0,999999		92,052200
9,150114		91,542198		-0,999999		92,042198
9,160114		91,532196		-0,999999		92,032196
9,170115		91,522194		-0,999999		92,022194
9,180115		91,512192		-0,999999		92,012192
9,190115		91,502190		-0,999999		92,002190
9,200115		91,492188		-0,999999		91,992188
9,210115		91,482185		-0,999999		91,982185
9,220116		91,472183		-0,999999		91,972183
9,230116		91,462181		-0,999999		91,962181
9,240116		91,452179		-0,999999		91,952179
9,250116		91,442177		-0,999999		91,942177
9,260117		91,432175		-0,999999		91,932175
9,270117		91,422173		-0,999999		91,922173
9,280117		91,412170		-0,999999		91,912170
9,290117		91,402168		-0,999999		91,902168
9,300117		91,392166		-0,999999		91,892166
9,310118		91,382164		-0,999999		91,882164
9,320118		91,372162		-0,999999		91,872162
9,330118		91,362160		-0,999999		91,862160
9,340118		91,352158		-0,999999		91,852158
9,350119		91,342155		-0,999999		91,842155
9,360119		91,332153		-0,999999		91,832153
9,370119		91,322151		-0,999999		91,822151
9,380119		91,312149		-0,999999		91,812149
9,390120		91,302147		-0,999999		91,802147
9,400120		91,292145		-0,999999		91,792145
9,410120		91,282143		-0,999999		91,782143
9,420120		91,272141		-0,999999		91,772141
9,430120		91,262138		-0,999999		91,762138
9,440121		91,252136		-0,999999		91,752136
9,450121		91,242134		-0,999999		91,742134
9,460121		91,232132		-0,999999		91,732132
9,470121		91,222130		-0,999999		91,722130
9,480122		91,212128		-0,999999		91,712128
9,490122		91,202126		-0,999999		91,702126
9,500122		91,192123		-0,999999		91,692123
9,510122		91,182121		-0,999999		91,682121
9,520123		91,172119		-0,999999		91,672119
9,530123		91,162117		-0,999999		91,662117
9,540123		91,152115		-0,999999		91,652115
9,550123		91,142113		-0,999999		91,642113
9,560123		91,132111		-0,999999		91,632111
9,570124		91,122108		-0,999999		91,622108
9,580124		91,112106		-0,999999		91,612106
9,590124		91,102104		-0,999999		91,602104
9,600124		91,092102		-0,999999		91,592102
9,610125		91,082100		-0,999999		91,582100
9,620125		91,072098		-0,999999		91,572098
9,630125		91,062096		-0,999999		91,562096
9,640125		91,052094		-0,999999		91,552094
9,650126		91,042091		-0,999999		91,542091
9,660126		91,032089		-0,999999		91,532089
9,670126		91,022087		-0,999999		91,522087
9,680126		91,012085		-0,999999		91,512085
9,690126		91,002083		-0,999999		91,502083
9,700127		90,992081		-0,999999		91,492081
9,710127		90,982079		-0,999999		91,482079
9,720127		90,972076		-0,999999		91,472076
9,730127		90,962074		-0,999999		91,462074
9,740128		90,952072		-0,999999		91,452072
9,750128		90,942070		-0,999999		91,442070
9,760128		90,932068		-0,999999		91,432068
9,770128		90,922066		-0,999999		91,422066
9,780128		90,912064		-0,999999		91,412064
9,790129		90,902061		-0,999999		91,402061
9,800129		90,892059		-0,999999		91,392059
9,810129		90,882057		-0,999999		91,382057
9,820129		90,872055		-0,999999		91,372055
9,830130		90,862053		-0,999999		91,362053
9,840130		90,852051		-0,999999		91,352051
9,850130		90,842049		-0,999999		91,342049
9,860130		90,832047		-0,999999		91,332047
9,870131		90,822044		-0,999999		91,322044
9,880131		90,812042		-0,999999		91,312042
9,890131		90,802040		-0,999999		91,302040
9,900131		90,792038		-0,999999		91,292038
9,910131		90,782036		-0,999999		91,282036
9,920132		90,772034		-0,999999		91,272034
9,930132		90,762032		-0,999999		91,262032
9,940132		90,752029		-0,999999		91,252029
9,950132		90,742027		-0,999999		91,242027
9,960133		90,732025		-0,999999		91,232025
9,970133		90,722023		-0,999999		91,222023
9,980133		90,712021		-0,999999		91,212021
9,990133		90,702019		-0,999999		91,202019
10,000134		90,692017		-0,999999		91,192017
10,010134		90,682014		-0,999999		91,182014
10,020134		90,672012		-0,999999		91,172012
10,030134		90,662010		-0,999999		91,162010
10,040134		90,652008		-0,999999		91,152008
10,050135		90,642006		-0,999999		91,142006
10,060135		90,632004		-0,999999		91,132004
10,070135		90,622002		-0,999999		91,122002
10,080135		90,612000		-0,999999		91,112000
10,090136		90,601997		-0,999999		91,101997
10,100136		90,591995		-0,999999		91,091995
10,110136		90,581993		-0,999999		91,081993
10,120136		90,571991		-0,999999		91,071991
10,130136		90,561989		-0,999999		91,061989
10,140137		90,551987		-0,999999		91,051987
10,150137		90,541985		-0,999999		91,041985
10,160137		90,531982		-0,999999		91,031982
10,170137		90,521980		-0,999999		91,021980
10,180138		90,511978		-0,999999		91,011978
10,190138		90,501976		-0,999999		91,001976
10,200138		90,491974		-0,999999		90,991974
10,210138		90,481972		-0,999999		90,981972
10,220139		90,471970		-0,999999		90,971970
10,230139		90,461967		-0,999999		90,961967
10,240139		90,451965		-0,999999		90,951965
10,250139		90,441963		-0,999999		90,941963
10,260139		90,431961		-0,999999		90,931961
10,270140		90,421959		-0,999999		90,921959
10,280140		90,411957		-0,999999		90,911957
10,290140		90,401955		-0,999999		90,901955
10,300140		90,391953		-0,999999		90,891953
10,310141		90,381950		-0,999999		90,881950
10,320141		90,371948		-0,999999		90,871948
10,330141		90,361946		-0,999999		90,861946
10,340141		90,351944		-0,999999		90,851944
10,350142		90,341942		-0,999999		90,841942
10,360142		90,331940		-0,999999		90,831940
10,370142		90,321938		-0,999999		90,821938
10,380142		90,311935		-0,999999		90,811935
10,390142		90,301933		-0,999999		90,801933
10,400143		90,291931		-0,999999		90,791931
10,410143		90,281929		-0,999999		90,781929
10,420143		90,271927		-0,999999		90,771927
10,430143		90,261925		-0,999999		90,761925
10,440144		90,251923		-0,999999		90,751923
10,450144		90,241920		-0,999999		90,741920
10,460144		90,231918		-0,999999		90,731918
10,470144		90,221916		-0,999999		90,721916
10,480145		90,211914		-0,999999		90,711914
10,490145		90,201912		-0,999999		90,701912
10,500145		90,191910		-0,999999		90,691910
10,510145		90,181908		-0,999999		90,681908
10,520145		90,171906		-0,999999		90,671906
10,530146		90,161903		-0,999999		90,661903
10,540146		90,151901		-0,999999		90,651901
10,550146		90,141899		-0,999999		90,641899
10,560146		90,131897		-0,999999		90,631897
10,570147		90,121895		-0,999999		90,621895
10,580147		90,111893		-0,999999		90,611893
10,590147		90,101891		-0,999999		90,601891
10,600147		90,091888		-0,999999		90,591888
10,610147		90,081886		-0,999999		90,581886
10,620148		90,071884		-0,999999		90,571884
10,630148		90,061882		-0,999999		90,561882
10,640148		90,051880		-0,999999		90,551880
10,650148		90,041878		-0,999999		90,541878
10,660149		90,031876		-0,999999		90,531876
10,670149		90,021873		-0,999999		90,521873
10,680149		90,011871		-0,999999		90,511871
10,690149		90,001869		-0,999999		90,501869
10,700150		89,991867		-0,999999		90,491867
10,710150		89,981865		-0,999999		90,481865
10,720150		89,971863		-0,999999		90,471863
10,730150		89,961861		-0,999999		90,461861
10,740150		89,951859		-0,999999		90,451859
10,750151		89,941856		-0,999999		90,441856
10,760151		89,931854		-0,999999		90,431854
10,770151		89,921852		-0,999999		90,421852
10,780151		89,911850		-0,999999		90,411850
10,790152		89,901848		-0,999999		90,401848
10,800152		89,891846		-0,999999		90,391846
10,810152		89,881844		-0,999999		90,381844
10,820152		89,871841		-0,999999		90,371841
10,830153		89,861839		-0,999999		90,361839
10,840153		89,851837		-0,999999		90,351837
10,850153		89,841835		-0,999999		90,341835
10,860153		89,831833		-0,999999		90,331833
10,870153		89,821831		-0,999999		90,321831
10,880154		89,811829		-0,999999		90,311829
10,890154		89,801826		-0,999999		90,301826
10,900154		89,791824		-0,999999		90,291824
10,910154		89,781822		-0,999999		90,281822
10,920155		89,771820		-0,999999		90,271820
10,930155		89,761818		-0,999999		90,261818
10,940155		89,751816		-0,999999		90,251816
10,950155		89,741814		-0,999999		90,241814
10,960155		89,731812		-0,999999		90,231812
10,970156		89,721809		-0,999999		90,221809
10,980156		89,711807		-0,999999		90,211807
10,990156		89,701805		-0,999999		90,201805
11,000156		89,691803		-0,999999		90,191803
11,010157		89,681801		-0,999999		90,181801
11,020157		89,671799		-0,999999		90,171799
11,030157		89,661797		-0,999999		90,161797
11,040157		89,651794		-0,999999		90,151794
11,050158		89,641792		-0,999999		90,141792
11,060158		89,631790		-0,999999		90,131790
11,070158		89,621788		-0,999999		90,121788
11,080158		89,611786		-0,999999		90,111786
11,090158		89,601784		-0,999999		90,101784
11,100159		89,591782		-0,999999		90,091782
11,110159		89,581779		-0,999999		90,081779
11,120159		89,571777		-0,999999		90,071777
11,130159		89,561775		-0,999999		90,061775
11,140160		89,551773		-0,999999		90,051773
11,150160		89,541771		-0,999999		90,041771
11,160160		89,531769		-0,999999		90,031769
11,170160		89,521767		-0,999999		90,021767
11,180161		89,511765		-0,999999		90,011765
11,190161		89,501762		-0,999999		90,001762
11,200161		89,491760		-0,999999		89,991760
11,210161		89,481758		-0,999999		89,981758
11,220161		89,471756		-0,999999		89,971756
11,230162		89,461754		-0,999999		89,961754
11,240162		89,451752		-0,999999		89,951752
11,250162		89,441750		-0,999999		89,941750
11,260162		89,431747		-0,999999		89,931747
11,270163		89,421745		-0,999999		89,921745
11,280163		89,411743		-0,999999		89,911743
11,290163		89,401741		-0,999999		89,901741
11,300163		89,391739		-0,999999		89,891739
11,310163		89,381737		-0,999999		89,881737
11,320164		89,371735		-0,999999		89,871735
11,330164		89,361732		-0,999999		89,861732
11,340164		89,351730		-0,999999		89,851730
11,350164		89,341728		-0,999999		89,841728
11,360165		89,331726		-0,999999		89,831726
11,370165		89,321724		-0,999999		89,821724
11,380165		89,311722		-0,999999		89,811722
11,390165		89,301720		-0,999999		89,801720
11,400166		89,291718		-0,999999		89,791718
11,410166		89,281715		-0,999999		89,781715
11,420166		89,271713		-0,999999		89,771713
11,430166		89,261711		-0,999999		89,761711
11,440166		89,251709		-0,999999		89,751709
11,450167		89,241707		-0,999999		89,741707
11,460167		89,231705		-0,999999		89,731705
11,470167		89,221703		-0,999999		89,721703
11,480167		89,211700		-0,999999		89,711700
11,490168		89,201698		-0,999999		89,701698
11,500168		89,191696		-0,999999		89,691696
11,510168		89,181694		-0,999999		89,681694
11,520168		89,171692		-0,999999		89,671692
11,530169		89,161690		-0,999999		89,661690
11,540169		89,151688		-0,999999		89,651688
11,550169		89,141685		-0,999999		89,641685
11,560169		89,131683		-0,999999		89,631683
11,570169		89,121681		-0,999999		89,621681
11,580170		89,111679		-0,999999		89,611679
11,590170		89,101677		-0,999999		89,601677
11,600170		89,091675		-0,999999		89,591675
11,610170		89,081673		-0,999999		89,581673
11,620171		89,071671		-0,999999		89,571671
11,630171		89,061668		-0,999999		89,561668
11,640171		89,051666		-0,999999		89,551666
11,650171		89,041664		-0,999999		89,541664
11,660172		89,031662		-0,999999		89,531662
11,670172		89,021660		-0,999999		89,521660
11,680172		89,011658		-0,999999		89,511658
11,690172		89,001656		-0,999999		89,501656
11,700172		88,991653		-0,999999		89,491653
11,710173		88,981651		-0,999999		89,481651
11,720173		88,971649		-0,999999		89,471649
11,730173		88,961647		-0,999999		89,461647
11,740173		88,951645		-0,999999		89,451645
11,750174		88,941643		-0,999999		89,441643
11,760174		88,931641		-0,999999		89,431641
11,770174		88,921638		-0,999999		89,421638
11,780174		88,911636		-0,999999		89,411636
11,790174		88,901634		-0,999999		89,401634
11,800175		88,891632		-0,999999		89,391632
11,810175		88,881630		-0,999999		89,381630
11,820175		88,871628		-0,999999		89,371628
11,830175		88,861626		-0,999999		89,361626
11,840176		88,851624		-0,999999		89,351624
11,850176		88,841621		-0,999999		89,341621
11,860176		88,831619		-0,999999		89,331619
11,870176		88,821617		-0,999999		89,321617
11,880177		88,811615		-0,999999		89,311615
11,890177		88,801613		-0,999999		89,301613
11,900177		88,791611		-0,999999		89,291611
11,910177		88,781609		-0,999999		89,281609
11,920177		88,771606		-0,999999		89,271606
11,930178		88,761604		-0,999999		89,261604
11,940178		88,751602		-0,999999		89,251602
11,950178		88,741600		-0,999999		89,241600
11,960178		88,731598		-0,999999		89,231598
11,970179		88,721596		-0,999999		89,221596
11,980179		88,711594		-0,999999		89,211594
11,990179		88,701591		-0,999999		89,201591
12,000179		88,691589		-0,999999		89,191589
12,010180		88,681587		-0,999999		89,181587
12,020180		88,671585		-0,999999		89,171585
12,030180		88,661583		-0,999999		89,161583
12,040180		88,651581		-0,999999		89,151581
12,050180		88,641579		-0,999999		89,141579
12,060181		88,631577		-0,999999		89,131577
12,070181		88,621574		-0,999999		89,121574
12,080181		88,611572		-0,999999		89,111572
12,090181		88,601570		-0,999999		89,101570
12,100182		88,591568		-0,999999		89,091568
12,110182		88,581566		-0,999999		89,081566
12,120182		88,571564		-0,999999		89,071564
12,130182		88,561562		-0,999999		89,061562
12,140182		88,551559		-0,999999		89,051559
12,150183		88,541557		-0,999999		89,041557
12,160183		88,531555		-0,999999		89,031555
12,170183		88,521553		-0,999999		89,021553
12,180183		88,511551		-0,999999		89,011551
12,190184		88,501549		-0,999999		89,001549
12,200184		88,491547		-0,999999		88,991547
12,210184		88,481544		-0,999999		88,981544
12,220184		88,471542		-0,999999		88,971542
12,230185		88,461540		-0,999999		88,961540
12,240185		88,451538		-0,999999		88,951538
12,250185		88,441536		-0,999999		88,941536
12,260185		88,431534		-0,999999		88,931534
12,270185		88,421532		-0,999999		88,921532
12,280186		88,411530		-0,999999		88,911530
12,290186		88,401527		-0,999999		88,901527
12,300186		88,391525		-0,999999		88,891525
12,310186		88,381523		-0,999999		88,881523
12,320187		88,371521		-0,999999		88,871521
12,330187		88,361519		-0,999999		88,861519
12,340187		88,351517		-0,999999		88,851517
12,350187		88,341515		-0,999999		88,841515
12,360188		88,331512		-0,999999		88,831512
12,370188		88,321510		-0,999999		88,821510
12,380188		88,311508		-0,999999		88,811508
12,390188		88,301506		-0,999999		88,801506
12,400188		88,291504		-0,999999		88,791504
12,410189		88,281502		-0,999999		88,781502
12,420189		88,271500		-0,999999		88,771500
12,430189		88,261497		-0,999999		88,761497
12,440189		88,251495		-0,999999		88,751495
12,450190		88,241493		-0,999999		88,741493
12,460190		88,231491		-0,999999		88,731491
12,470190		88,221489		-0,999999		88,721489
12,480190		88,211487		-0,999999		88,711487
12,490191		88,201485		-0,999999		88,701485
12,500191		88,191483		-0,999999		88,691483
12,510191		88,181480		-0,999999		88,681480
12,520191		88,171478		-0,999999		88,671478
12,530191		88,161476		-0,999999		88,661476
12,540192		88,151474		-0,999999		88,651474
12,550192		88,141472		-0,999999		88,641472
12,560192		88,131470		-0,999999		88,631470
12,570192		88,121468		-0,999999		88,621468
12,580193		88,111465		-0,999999		88,611465
12,590193		88,101463		-0,999999		88,601463
12,600193		88,091461		-0,999999		88,591461
12,610193		88,081459		-0,999999		88,581459
12,620193		88,071457		-0,999999		88,571457
12,630194		88,061455		-0,999999		88,561455
12,640194		88,051453		-0,999999		88,551453
12,650194		88,041451		-0,999999		88,541451
12,660194		88,031448		-0,999999		88,531448
12,670195		88,021446		-0,999999		88,521446
12,680195		88,011444		-0,999999		88,511444
12,690195		88,001442		-0,999999		88,501442
12,700195		87,991440		-0,999999		88,491440
12,710196		87,981438		-0,999999		88,481438
12,720196		87,971436		-0,999999		88,471436
12,730196		87,961433		-0,999999		88,461433
12,740196		87,951431		-0,999999		88,451431
12,750196		87,941429		-0,999999		88,441429
12,760197		87,931427		-0,999999		88,431427
12,770197		87,921425		-0,999999		88,421425
12,780197		87,911423		-0,999999		88,411423
12,790197		87,901421		-0,999999		88,401421
12,800198		87,891418		-0,999999		88,391418
12,810198		87,881416		-0,999999		88,381416
12,820198		87,871414		-0,999999		88,371414
12,830198		87,861412		-0,999999		88,361412
12,840199		87,851410		-0,999999		88,351410
12,850199		87,841408		-0,999999		88,341408
12,860199		87,831406		-0,999999		88,331406
12,870199		87,821404		-0,999999		88,321404
12,880199		87,811401		-0,999999		88,311401
12,890200		87,801399		-0,999999		88,301399
12,900200		87,791397		-0,999999		88,291397
12,910200		87,781395		-0,999999		88,281395
12,920200		87,771393		-0,999999		88,271393
12,930201		87,761391		-0,999999		88,261391
12,940201		87,751389		-0,999999		88,251389
12,950201		87,741386		-0,999999		88,241386
12,960201		87,731384		-0,999999		88,231384
12,970201		87,721382		-0,999999		88,221382
12,980202		87,711380		-0,999999		88,211380
12,990202		87,701378		-0,999999		88,201378
13,000202		87,691376		-0,999999		88,191376
13,010202		87,681374		-0,999999		88,181374
13,020203		87,671371		-0,999999		88,171371
13,030203		87,661369		-0,999999		88,161369
13,040203		87,651367		-0,999999		88,151367
13,050203		87,641365		-0,999999		88,141365
13,060204		87,631363		-0,999999		88,131363
13,070204		87,621361		-0,999999		88,121361
13,080204		87,611359		-0,999999		88,111359
13,090204		87,601357		-0,999999		88,101357
13,100204		87,591354		-0,999999		88,091354
13,110205		87,581352		-0,999999		88,081352
13,120205		87,571350		-0,999999		88,071350
13,130205		87,561348		-0,999999		88,061348
13,140205		87,551346		-0,999999		88,051346
13,150206		87,541344		-0,999999		88,041344
13,160206		87,531342		-0,999999		88,031342
13,170206		87,521339		-0,999999		88,021339
13,180206		87,511337		-0,999999		88,011337
13,190207		87,501335		-0,999999		88,001335
13,200207		87,491333		-0,999999		87,991333
13,210207		87,481331		-0,999999		87,981331
13,220207		87,471329		-0,999999		87,971329
13,230207		87,461327		-0,999999		87,961327
13,240208		87,451324		-0,999999		87,951324
13,250208		87,441322		-0,999999		87,941322
13,260208		87,431320		-0,999999		87,931320
13,270208		87,421318		-0,999999		87,921318
13,280209		87,411316		-0,999999		87,911316
13,290209		87,401314		-0,999999		87,901314
13,300209		87,391312		-0,999999		87,891312
13,310209		87,381310		-0,999999		87,881310
13,320210		87,371307		-0,999999		87,871307
13,330210		87,361305		-0,999999		87,861305
13,340210		87,351303		-0,999999		87,851303
13,350210		87,341301		-0,999999		87,841301
13,360210		87,331299		-0,999999		87,831299
13,370211		87,321297		-0,999999		87,821297
13,380211		87,311295		-0,999999		87,811295
13,390211		87,301292		-0,999999		87,801292
13,400211		87,291290		-0,999999		87,791290
13,410212		87,281288		-0,999999		87,781288
13,420212		87,271286		-0,999999		87,771286
13,430212		87,261284		-0,999999		87,761284
13,440212		87,251282		-0,999999		87,751282
13,450212		87,241280		-0,999999		87,741280
13,460213		87,231277		-0,999999		87,731277
13,470213		87,221275		-0,999999		87,721275
13,480213		87,211273		-0,999999		87,711273
13,490213		87,201271		-0,999999		87,701271
13,500214		87,191269		-0,999999		87,691269
13,510214		87,181267		-0,999999		87,681267
13,520214		87,171265		-0,999999		87,671265
13,530214		87,161263		-0,999999		87,661263
13,540215		87,151260		-0,999999		87,651260
13,550215		87,141258		-0,999999		87,641258
13,560215		87,131256		-0,999999		87,631256
13,570215		87,121254		-0,999999		87,621254
13,580215		87,111252		-0,999999		87,611252
13,590216		87,101250		-0,999999		87,601250
13,600216		87,091248		-0,999999		87,591248
13,610216		87,081245		-0,999999		87,581245
13,620216		87,071243		-0,999999		87,571243
13,630217		87,061241		-0,999999		87,561241
13,640217		87,051239		-0,999999		87,551239
13,650217		87,041237		-0,999999		87,541237
13,660217		87,031235		-0,999999		87,531235
13,670218		87,021233		-0,999999		87,521233
13,680218		87,011230		-0,999999		87,511230
13,690218		87,001228		-0,999999		87,501228
13,700218		86,991226		-0,999999		87,491226
13,710218		86,981224		-0,999999		87,481224
13,720219		86,971222		-0,999999		87,471222
13,730219		86,961220		-0,999999		87,461220
13,740219		86,951218		-0,999999		87,451218
13,750219		86,941216		-0,999999		87,441216
13,760220		86,931213		-0,999999		87,431213
13,770220		86,921211		-0,999999		87,421211
13,780220		86,911209		-0,999999		87,411209
13,790220		86,901207		-0,999999		87,401207
13,800220		86,891205		-0,999999		87,391205
13,810221		86,881203		-0,999999		87,381203
13,820221		86,871201		-0,999999		87,371201
13,830221		86,861198		-0,999999		87,361198
13,840221		86,851196		-0,999999		87,351196
13,850222		86,841194		-0,999999		87,341194
13,860222		86,831192		-0,999999		87,331192
13,870222		86,821190		-0,999999		87,321190
13,880222		86,811188		-0,999999		87,311188
13,890223		86,801186		-0,999999		87,301186
13,900223		86,791183		-0,999999		87,291183
13,910223		86,781181		-0,999999		87,281181
13,920223		86,771179		-0,999999		87,271179
13,930223		86,761177		-0,999999		87,261177
13,940224		86,751175		-0,999999		87,251175
13,950224		86,741173		-0,999999		87,241173
13,960224		86,731171		-0,999999		87,231171
13,970224		86,721169		-0,999999		87,221169
13,980225		86,711166		-0,999999		87,211166
13,990225		86,701164		-0,999999		87,201164
14,000225		86,691162		-0,999999		87,191162
14,010225		86,681160		-0,999999		87,181160
14,020226		86,671158		-0,999999		87,171158
14,030226		86,661156		-0,999999		87,161156
14,040226		86,651154		-0,999999		87,151154
14,050226		86,641151		-0,999999		87,141151
14,060226		86,631149		-0,999999		87,131149
14,070227		86,621147		-0,999999		87,121147
14,080227		86,611145		-0,999999		87,111145
14,090227		86,601143		-0,999999		87,101143
14,100227		86,591141		-0,999999		87,091141
14,110228		86,581139		-0,999999		87,081139
14,120228		86,571136		-0,999999		87,071136
14,130228		86,561134		-0,999999		87,061134
14,140228		86,551132		-0,999999		87,051132
14,150229		86,541130		-0,999999		87,041130
14,160229		86,531128		-0,999999		87,031128
14,170229		86,521126		-0,999999		87,021126
14,180229		86,511124		-0,999999		87,011124
14,190229		86,501122		-0,999999		87,001122
14,200230		86,491119		-0,999999		86,991119
14,210230		86,481117		-0,999999		86,981117
14,220230		86,471115		-0,999999		86,971115
14,230230		86,461113		-0,999999		86,961113
14,240231		86,451111		-0,999999		86,951111
14,250231		86,441109		-0,999999		86,941109
14,260231		86,431107		-0,999999		86,931107
14,270231		86,421104		-0,999999		86,921104
14,280231		86,411102		-0,999999		86,911102
14,290232		86,401100		-0,999999		86,901100
14,300232		86,391098		-0,999999		86,891098
14,310232		86,381096		-0,999999		86,881096
14,320232		86,371094		-0,999999		86,871094
14,330233		86,361092		-0,999999		86,861092
14,340233		86,351089		-0,999999		86,851089
14,350233		86,341087		-0,999999		86,841087
14,360233		86,331085		-0,999999		86,831085
14,370234		86,321083		-0,999999		86,821083
14,380234		86,311081		-0,999999		86,811081
14,390234		86,301079		-0,999999		86,801079
14,400234		86,291077		-0,999999		86,791077
14,410234		86,281075		-0,999999		86,781075
14,420235		86,271072		-0,999999		86,771072
14,430235		86,261070		-0,999999		86,761070
14,440235		86,251068		-0,999999		86,751068
14,450235		86,241066		-0,999999		86,741066
14,460236		86,231064		-0,999999		86,731064
14,470236		86,221062		-0,999999		86,721062
14,480236		86,211060		-0,999999		86,711060
14,490236		86,201057		-0,999999		86,701057
14,500237		86,191055		-0,999999		86,691055
14,510237		86,181053		-0,999999		86,681053
14,520237		86,171051		-0,999999		86,671051
14,530237		86,161049		-0,999999		86,661049
14,540237		86,151047		-0,999999		86,651047
14,550238		86,141045		-0,999999		86,641045
14,560238		86,131042		-0,999999		86,631042
14,570238		86,121040		-0,999999		86,621040
14,580238		86,111038		-0,999999		86,611038
14,590239		86,101036		-0,999999		86,601036
14,600239		86,091034		-0,999999		86,591034
14,610239		86,081032		-0,999999		86,581032
14,620239		86,071030		-0,999999		86,571030
14,630239		86,061028		-0,999999		86,561028
14,640240		86,051025		-0,999999		86,551025
14,650240		86,041023		-0,999999		86,541023
14,660240		86,031021		-0,999999		86,531021
14,670240		86,021019		-0,999999		86,521019
14,680241		86,011017		-0,999999		86,511017
14,690241		86,001015		-0,999999		86,501015
14,700241		85,991013		-0,999999		86,491013
14,710241		85,981010		-0,999999		86,481010
14,720242		85,971008		-0,999999		86,471008
14,730242		85,961006		-0,999999		86,461006
14,740242		85,951004		-0,999999		86,451004
14,750242		85,941002		-0,999999		86,441002
14,760242		85,931000		-0,999999		86,431000
14,770243		85,920998		-0,999999		86,420998
14,780243		85,910995		-0,999999		86,410995
14,790243		85,900993		-0,999999		86,400993
14,800243		85,890991		-0,999999		86,390991
14,810244		85,880989		-0,999999		86,380989
14,820244		85,870987		-0,999999		86,370987
14,830244		85,860985		-0,999999		86,360985
14,840244		85,850983		-0,999999		86,350983
14,850245		85,840981		-0,999999		86,340981
14,860245		85,830978		-0,999999		86,330978
14,870245		85,820976		-0,999999		86,320976
14,880245		85,810974		-0,999999		86,310974
14,890245		85,800972		-0,999999		86,300972
14,900246		85,790970		-0,999999		86,290970
14,910246		85,780968		-0,999999		86,280968
14,920246		85,770966		-0,999999		86,270966
14,930246		85,760963		-0,999999		86,260963
14,940247		85,750961		-0,999999		86,250961
14,950247		85,740959		-0,999999		86,240959
14,960247		85,730957		-0,999999		86,230957
14,970247		85,720955		-0,999999		86,220955
14,980247		85,710953		-0,999999		86,210953
14,990248		85,700951		-0,999999		86,200951
15,000248		85,690948		-0,999999		86,190948
15,010248		85,680946		-0,999999		86,180946
15,020248		85,670944		-0,999999		86,170944
15,030249		85,660942		-0,999999		86,160942
15,040249		85,650940		-0,999999		86,150940
15,050249		85,640938		-0,999999		86,140938
15,060249		85,630936		-0,999999		86,130936
15,070250		85,620934		-0,999999		86,120934
15,080250		85,610931		-0,999999		86,110931
15,090250		85,600929		-0,999999		86,100929
15,100250		85,590927		-0,999999		86,090927
15,110250		85,580925		-0,999999		86,080925
15,120251		85,570923		-0,999999		86,070923
15,130251		85,560921		-0,999999		86,060921
15,140251		85,550919		-0,999999		86,050919
15,150251		85,540916		-0,999999		86,040916
15,160252		85,530914		-0,999999		86,030914
15,170252		85,520912		-0,999999		86,020912
15,180252		85,510910		-0,999999		86,010910
15,190252		85,500908		-0,999999		86,000908
15,200253		85,490906		-0,999999		85,990906
15,210253		85,480904		-0,999999		85,980904
15,220253		85,470901		-0,999999		85,970901
15,230253		85,460899		-0,999999		85,960899
15,240253		85,450897		-0,999999		85,950897
15,250254		85,440895		-0,999999		85,940895
15,260254		85,430893		-0,999999		85,930893
15,270254		85,420891		-0,999999		85,920891
15,280254		85,410889		-0,999999		85,910889
15,290255		85,400887		-0,999999		85,900887
15,300255		85,390884		-0,999999		85,890884
15,310255		85,380882		-0,999999		85,880882
15,320255		85,370880		-0,999999		85,870880
15,330256		85,360878		-0,999999		85,860878
15,340256		85,350876		-0,999999		85,850876
15,350256		85,340874		-0,999999		85,840874
15,360256		85,330872		-0,999999		85,830872
15,370256		85,320869		-0,999999		85,820869
15,380257		85,310867		-0,999999		85,810867
15,390257		85,300865		-0,999999		85,800865
15,400257		85,290863		-0,999999		85,790863
15,410257		85,280861		-0,999999		85,780861
15,420258		85,270859		-0,999999		85,770859
15,430258		85,260857		-0,999999		85,760857
15,440258		85,250854		-0,999999		85,750854
15,450258		85,240852		-0,999999		85,740852
15,460258		85,230850		-0,999999		85,730850
15,470259		85,220848		-0,999999		85,720848
15,480259		85,210846		-0,999999		85,710846
15,490259		85,200844		-0,999999		85,700844
15,500259		85,190842		-0,999999		85,690842
15,510260		85,180840		-0,999999		85,680840
15,520260		85,170837		-0,999999		85,670837
15,530260		85,160835		-0,999999		85,660835
15,540260		85,150833		-0,999999		85,650833
15,550261		85,140831		-0,999999		85,640831
15,560261		85,130829		-0,999999		85,630829
15,570261		85,120827		-0,999999		85,620827
15,580261		85,110825		-0,999999		85,610825
15,590261		85,100822		-0,999999		85,600822
15,600262		85,090820		-0,999999		85,590820
15,610262		85,080818		-0,999999		85,580818
15,620262		85,070816		-0,999999		85,570816
15,630262		85,060814		-0,999999		85,560814
15,640263		85,050812		-0,999999		85,550812
15,650263		85,040810		-0,999999		85,540810
15,660263		85,030807		-0,999999		85,530807
15,670263		85,020805		-0,999999		85,520805
15,680264		85,010803		-0,999999		85,510803
15,690264		85,000801		-0,999999		85,500801
15,700264		84,990799		-0,999999		85,490799
15,710264		84,980797		-0,999999		85,480797
15,720264		84,970795		-0,999999		85,470795
15,730265		84,960793		-0,999999		85,460793
15,740265		84,950790		-0,999999		85,450790
15,750265		84,940788		-0,999999		85,440788
15,760265		84,930786		-0,999999		85,430786
15,770266		84,920784		-0,999999		85,420784
15,780266		84,910782		-0,999999		85,410782
15,790266		84,900780		-0,999999		85,400780
15,800266		84,890778		-0,999999		85,390778
15,810266		84,880775		-0,999999		85,380775
15,820267		84,870773		-0,999999		85,370773
15,830267		84,860771		-0,999999		85,360771
15,840267		84,850769		-0,999999		85,350769
15,850267		84,840767		-0,999999		85,340767
15,860268		84,830765		-0,999999		85,330765
15,870268		84,820763		-0,999999		85,320763
15,880268		84,810760		-0,999999		85,310760
15,890268		84,800758		-0,999999		85,300758
15,900269		84,790756		-0,999999		85,290756
15,910269		84,780754		-0,999999		85,280754
15,920269		84,770752		-0,999999		85,270752
15,930269		84,760750		-0,999999		85,260750
15,940269		84,750748		-0,999999		85,250748
15,950270		84,740746		-0,999999		85,240746
15,960270		84,730743		-0,999999		85,230743
15,970270		84,720741		-0,999999		85,220741
15,980270		84,710739		-0,999999		85,210739
15,990271		84,700737		-0,999999		85,200737
16,000271		84,690735		-0,999999		85,190735
16,010271		84,680733		-0,999999		85,180733
16,020271		84,670731		-0,999999		85,170731
16,030272		84,660728		-0,999999		85,160728
16,040272		84,650726		-0,999999		85,150726
16,050272		84,640724		-0,999999		85,140724
16,060272		84,630722		-0,999999		85,130722
16,070272		84,620720		-0,999999		85,120720
16,080273		84,610718		-0,999999		85,110718
16,090273		84,600716		-0,999999		85,100716
16,100273		84,590714		-0,999999		85,090714
16,110273		84,580711		-0,999999		85,080711
16,120274		84,570709		-0,999999		85,070709
16,130274		84,560707		-0,999999		85,060707
16,140274		84,550705		-0,999999		85,050705
16,150274		84,540703		-0,999999		85,040703
16,160275		84,530701		-0,999999		85,030701
16,170275		84,520699		-0,999999		85,020699
16,180275		84,510696		-0,999999		85,010696
16,190275		84,500694		-0,999999		85,000694
16,200275		84,490692		-0,999999		84,990692
16,210276		84,480690		-0,999999		84,980690
16,220276		84,470688		-0,999999		84,970688
16,230276		84,460686		-0,999999		84,960686
16,240276		84,450684		-0,999999		84,950684
16,250277		84,440681		-0,999999		84,940681
16,260277		84,430679		-0,999999		84,930679
16,270277		84,420677		-0,999999		84,920677
16,280277		84,410675		-0,999999		84,910675
16,290277		84,400673		-0,999999		84,900673
16,300278		84,390671		-0,999999		84,890671
16,310278		84,380669		-0,999999		84,880669
16,320278		84,370667		-0,999999		84,870667
16,330278		84,360664		-0,999999		84,860664
16,340279		84,350662		-0,999999		84,850662
16,350279		84,340660		-0,999999		84,840660
16,360279		84,330658		-0,999999		84,830658
16,370279		84,320656		-0,999999		84,820656
16,380280		84,310654		-0,999999		84,810654
16,390280		84,300652		-0,999999		84,800652
16,400280		84,290649		-0,999999		84,790649
16,410280		84,280647		-0,999999		84,780647
16,420280		84,270645		-0,999999		84,770645
16,430281		84,260643		-0,999999		84,760643
16,440281		84,250641		-0,999999		84,750641
16,450281		84,240639		-0,999999		84,740639
16,460281		84,230637		-0,999999		84,730637
16,470282		84,220634		-0,999999		84,720634
16,480282		84,210632		-0,999999		84,710632
16,490282		84,200630		-0,999999		84,700630
16,500282		84,190628		-0,999999		84,690628
16,510283		84,180626		-0,999999		84,680626
16,520283		84,170624		-0,999999		84,670624
16,530283		84,160622		-0,999999		84,660622
16,540283		84,150620		-0,999999		84,650620
16,550283		84,140617		-0,999999		84,640617
16,560284		84,130615		-0,999999		84,630615
16,570284		84,120613		-0,999999		84,620613
16,580284		84,110611		-0,999999		84,610611
16,590284		84,100609		-0,999999		84,600609
16,600285		84,090607		-0,999999		84,590607
16,610285		84,080605		-0,999999		84,580605
16,620285		84,070602		-0,999999		84,570602
16,630285		84,060600		-0,999999		84,560600
16,640285		84,050598		-0,999999		84,550598
16,650286		84,040596		-0,999999		84,540596
16,660286		84,030594		-0,999999		84,530594
16,670286		84,020592		-0,999999		84,520592
16,680286		84,010590		-0,999999		84,510590
16,690287		84,000587		-0,999999		84,500587
16,700287		83,990585		-0,999999		84,490585
16,710287		83,980583		-0,999999		84,480583
16,720287		83,970581		-0,999999		84,470581
16,730288		83,960579		-0,999999		84,460579
16,740288		83,950577		-0,999999		84,450577
16,750288		83,940575		-0,999999		84,440575
16,760288		83,930573		-0,999999		84,430573
16,770288		83,920570		-0,999999		84,420570
16,780289		83,910568		-0,999999		84,410568
16,790289		83,900566		-0,999999		84,400566
16,800289		83,890564		-0,999999		84,390564
16,810289		83,880562		-0,999999		84,380562
16,820290		83,870560		-0,999999		84,370560
16,830290		83,860558		-0,999999		84,360558
16,840290		83,850555		-0,999999		84,350555
16,850290		83,840553		-0,999999		84,340553
16,860291		83,830551		-0,999999		84,330551
16,870291		83,820549		-0,999999		84,320549
16,880291		83,810547		-0,999999		84,310547
16,890291		83,800545		-0,999999		84,300545
16,900291		83,790543		-0,999999		84,290543
16,910292		83,780540		-0,999999		84,280540
16,920292		83,770538		-0,999999		84,270538
16,930292		83,760536		-0,999999		84,260536
16,940292		83,750534		-0,999999		84,250534
16,950293		83,740532		-0,999999		84,240532
16,960293		83,730530		-0,999999		84,230530
16,970293		83,720528		-0,999999		84,220528
16,980293		83,710526		-0,999999		84,210526
16,990294		83,700523		-0,999999		84,200523
17,000294		83,690521		-0,999999		84,190521
17,010294		83,680519		-0,999999		84,180519
17,020294		83,670517		-0,999999		84,170517
17,030294		83,660515		-0,999999		84,160515
17,040295		83,650513		-0,999999		84,150513
17,050295		83,640511		-0,999999		84,140511
17,060295		83,630508		-0,999999		84,130508
17,070295		83,620506		-0,999999		84,120506
17,080296		83,610504		-0,999999		84,110504
17,090296		83,600502		-0,999999		84,100502
17,100296		83,590500		-0,999999		84,090500
17,110296		83,580498		-0,999999		84,080498
17,120296		83,570496		-0,999999		84,070496
17,130297		83,560493		-0,999999		84,060493
17,140297		83,550491		-0,999999		84,050491
17,150297		83,540489		-0,999999		84,040489
17,160297		83,530487		-0,999999		84,030487
17,170298		83,520485		-0,999999		84,020485
17,180298		83,510483		-0,999999		84,010483
17,190298		83,500481		-0,999999		84,000481
17,200298		83,490479		-0,999999		83,990479
17,210299		83,480476		-0,999999		83,980476
17,220299		83,470474		-0,999999		83,970474
17,230299		83,460472		-0,999999		83,960472
17,240299		83,450470		-0,999999		83,950470
17,250299		83,440468		-0,999999		83,940468
17,260300		83,430466		-0,999999		83,930466
17,270300		83,420464		-0,999999		83,920464
17,280300		83,410461		-0,999999		83,910461
17,290300		83,400459		-0,999999		83,900459
17,300301		83,390457		-0,999999		83,890457
17,310301		83,380455		-0,999999		83,880455
17,320301		83,370453		-0,999999		83,870453
17,330301		83,360451		-0,999999		83,860451
17,340302		83,350449		-0,999999		83,850449
17,350302		83,340446		-0,999999		83,840446
17,360302		83,330444		-0,999999		83,830444
17,370302		83,320442		-0,999999		83,820442
17,380302		83,310440		-0,999999		83,810440
17,390303		83,300438		-0,999999		83,800438
17,400303		83,290436		-0,999999		83,790436
17,410303		83,280434		-0,999999		83,780434
17,420303		83,270432		-0,999999		83,770432
17,430304		83,260429		-0,999999		83,760429
17,440304		83,250427		-0,999999		83,750427
17,450304		83,240425		-0,999999		83,740425
17,460304		83,230423		-0,999999		83,730423
17,470304		83,220421		-0,999999		83,720421
17,480305		83,210419		-0,999999		83,710419
17,490305		83,200417		-0,999999		83,700417
17,500305		83,190414		-0,999999		83,690414
17,510305		83,180412		-0,999999		83,680412
17,520306		83,170410		-0,999999		83,670410
17,530306		83,160408		-0,999999		83,660408
17,540306		83,150406		-0,999999		83,650406
17,550306		83,140404		-0,999999		83,640404
17,560307		83,130402		-0,999999		83,630402
17,570307		83,120399		-0,999999		83,620399
17,580307		83,110397		-0,999999		83,610397
17,590307		83,100395		-0,999999		83,600395
17,600307		83,090393		-0,999999		83,590393
17,610308		83,080391		-0,999999		83,580391
17,620308		83,070389		-0,999999		83,570389
17,630308		83,060387		-0,999999		83,560387
17,640308		83,050385		-0,999999		83,550385
17,650309		83,040382		-0,999999		83,540382
17,660309		83,030380		-0,999999		83,530380
17,670309		83,020378		-0,999999		83,520378
17,680309		83,010376		-0,999999		83,510376
17,690310		83,000374		-0,999999		83,500374
17,700310		82,990372		-0,999999		83,490372
17,710310		82,980370		-0,999999		83,480370
17,720310		82,970367		-0,999999		83,470367
17,730310		82,960365		-0,999999		83,460365
17,740311		82,950363		-0,999999		83,450363
17,750311		82,940361		-0,999999		83,440361
17,760311		82,930359		-0,999999		83,430359
17,770311		82,920357		-0,999999		83,420357
17,780312		82,910355		-0,999999		83,410355
17,790312		82,900352		-0,999999		83,400352
17,800312		82,890350		-0,999999		83,390350
17,810312		82,880348		-0,999999		83,380348
17,820313		82,870346		-0,999999		83,370346
17,830313		82,860344		-0,999999		83,360344
17,840313		82,850342		-0,999999		83,350342
17,850313		82,840340		-0,999999		83,340340
17,860313		82,830338		-0,999999		83,330338
17,870314		82,820335		-0,999999		83,320335
17,880314		82,810333		-0,999999		83,310333
17,890314		82,800331		-0,999999		83,300331
17,900314		82,790329		-0,999999		83,290329
17,910315		82,780327		-0,999999		83,280327
17,920315		82,770325		-0,999999		83,270325
17,930315		82,760323		-0,999999		83,260323
17,940315		82,750320		-0,999999		83,250320
17,950315		82,740318		-0,999999		83,240318
17,960316		82,730316		-0,999999		83,230316
17,970316		82,720314		-0,999999		83,220314
17,980316		82,710312		-0,999999		83,210312
17,990316		82,700310		-0,999999		83,200310
18,000317		82,690308		-0,999999		83,190308
18,010317		82,680305		-0,999999		83,180305
18,020317		82,670303		-0,999999		83,170303
18,030317		82,660301		-0,999999		83,160301
18,040318		82,650299		-0,999999		83,150299
18,050318		82,640297		-0,999999		83,140297
18,060318		82,630295		-0,999999		83,130295
18,070318		82,620293		-0,999999		83,120293
18,080318		82,610291		-0,999999		83,110291
18,090319		82,600288		-0,999999		83,100288
18,100319		82,590286		-0,999999		83,090286
18,110319		82,580284		-0,999999		83,080284
18,120319		82,570282		-0,999999		83,070282
18,130320		82,560280		-0,999999		83,060280
18,140320		82,550278		-0,999999		83,050278
18,150320		82,540276		-0,999999		83,040276
18,160320		82,530273		-0,999999		83,030273
18,170321		82,520271		-0,999999		83,020271
18,180321		82,510269		-0,999999		83,010269
18,190321		82,500267		-0,999999		83,000267
18,200321		82,490265		-0,999999		82,990265
18,210321		82,480263		-0,999999		82,980263
18,220322		82,470261		-0,999999		82,970261
18,230322		82,460258		-0,999999		82,960258
18,240322		82,450256		-0,999999		82,950256
18,250322		82,440254		-0,999999		82,940254
18,260323		82,430252		-0,999999		82,930252
18,270323		82,420250		-0,999999		82,920250
18,280323		82,410248		-0,999999		82,910248
18,290323		82,400246		-0,999999		82,900246
18,300323		82,390244		-0,999999		82,890244
18,310324		82,380241		-0,999999		82,880241
18,320324		82,370239		-0,999999		82,870239
18,330324		82,360237		-0,999999		82,860237
18,340324		82,350235		-0,999999		82,850235
18,350325		82,340233		-0,999999		82,840233
18,360325		82,330231		-0,999999		82,830231
18,370325		82,320229		-0,999999		82,820229
18,380325		82,310226		-0,999999		82,810226
18,390326		82,300224		-0,999999		82,800224
18,400326		82,290222		-0,999999		82,790222
18,410326		82,280220		-0,999999		82,780220
18,420326		82,270218		-0,999999		82,770218
18,430326		82,260216		-0,999999		82,760216
18,440327		82,250214		-0,999999		82,750214
18,450327		82,240211		-0,999999		82,740211
18,460327		82,230209		-0,999999		82,730209
18,470327		82,220207		-0,999999		82,720207
18,480328		82,210205		-0,999999		82,710205
18,490328		82,200203		-0,999999		82,700203
18,500328		82,190201		-0,999999		82,690201
18,510328		82,180199		-0,999999		82,680199
18,520329		82,170197		-0,999999		82,670197
18,530329		82,160194		-0,999999		82,660194
18,540329		82,150192		-0,999999		82,650192
18,550329		82,140190		-0,999999		82,640190
18,560329		82,130188		-0,999999		82,630188
18,570330		82,120186		-0,999999		82,620186
18,580330		82,110184		-0,999999		82,610184
18,590330		82,100182		-0,999999		82,600182
18,600330		82,090179		-0,999999		82,590179
18,610331		82,080177		-0,999999		82,580177
18,620331		82,070175		-0,999999		82,570175
18,630331		82,060173		-0,999999		82,560173
18,640331		82,050171		-0,999999		82,550171
18,650331		82,040169		-0,999999		82,540169
18,660332		82,030167		-0,999999		82,530167
18,670332		82,020164		-0,999999		82,520164
18,680332		82,010162		-0,999999		82,510162
18,690332		82,000160		-0,999999		82,500160
18,700333		81,990158		-0,999999		82,490158
18,710333		81,980156		-0,999999		82,480156
18,720333		81,970154		-0,999999		82,470154
18,730333		81,960152		-0,999999		82,460152
18,740334		81,950150		-0,999999		82,450150
18,750334		81,940147		-0,999999		82,440147
18,760334		81,930145		-0,999999		82,430145
18,770334		81,920143		-0,999999		82,420143
18,780334		81,910141		-0,999999		82,410141
18,790335		81,900139		-0,999999		82,400139
18,800335		81,890137		-0,999999		82,390137
18,810335		81,880135		-0,999999		82,380135
18,820335		81,870132		-0,999999		82,370132
18,830336		81,860130		-0,999999		82,360130
18,840336		81,850128		-0,999999		82,350128
18,850336		81,840126		-0,999999		82,340126
18,860336		81,830124		-0,999999		82,330124
18,870337		81,820122		-0,999999		82,320122
18,880337		81,810120		-0,999999		82,310120
18,890337		81,800117		-0,999999		82,300117
18,900337		81,790115		-0,999999		82,290115
18,910337		81,780113		-0,999999		82,280113
18,920338		81,770111		-0,999999		82,270111
18,930338		81,760109		-0,999999		82,260109
18,940338		81,750107		-0,999999		82,250107
18,950338		81,740105		-0,999999		82,240105
18,960339		81,730103		-0,999999		82,230103
18,970339		81,720100		-0,999999		82,220100
18,980339		81,710098		-0,999999		82,210098
18,990339		81,700096		-0,999999		82,200096
19,000340		81,690094		-0,999999		82,190094
19,010340		81,680092		-0,999999		82,180092
19,020340		81,670090		-0,999999		82,170090
19,030340		81,660088		-0,999999		82,160088
19,040340		81,650085		-0,999999		82,150085
19,050341		81,640083		-0,999999		82,140083
19,060341		81,630081		-0,999999		82,130081
19,070341		81,620079		-0,999999		82,120079
19,080341		81,610077		-0,999999		82,110077
19,090342		81,600075		-0,999999		82,100075
19,100342		81,590073		-0,999999		82,090073
19,110342		81,580070		-0,999999		82,080070
19,120342		81,570068		-0,999999		82,070068
19,130342		81,560066		-0,999999		82,060066
19,140343		81,550064		-0,999999		82,050064
19,150343		81,540062		-0,999999		82,040062
19,160343		81,530060		-0,999999		82,030060
19,170343		81,520058		-0,999999		82,020058
19,180344		81,510056		-0,999999		82,010056
19,190344		81,500053		-0,999999		82,000053
19,200344		81,490051		-0,999999		81,990051
19,210344		81,480049		-0,999999		81,980049
19,220345		81,470047		-0,999999		81,970047
19,230345		81,460045		-0,999999		81,960045
19,240345		81,450043		-0,999999		81,950043
19,250345		81,440041		-0,999999		81,940041
19,260345		81,430038		-0,999999		81,930038
19,270346		81,420036		-0,999999		81,920036
19,280346		81,410034		-0,999999		81,910034
19,290346		81,400032		-0,999999		81,900032
19,300346		81,390030		-0,999999		81,890030
19,310347		81,380028		-0,999999		81,880028
19,320347		81,370026		-0,999999		81,870026
19,330347		81,360023		-0,999999		81,860023
19,340347		81,350021		-0,999999		81,850021
19,350348		81,340019		-0,999999		81,840019
19,360348		81,330017		-0,999999		81,830017
19,370348		81,320015		-0,999999		81,820015
19,380348		81,310013		-0,999999		81,810013
19,390348		81,300011		-0,999999		81,800011
19,400349		81,290009		-0,999999		81,790009
19,410349		81,280006		-0,999999		81,780006
19,420349		81,270004		-0,999999		81,770004
19,430349		81,260002		-0,999999		81,760002
19,440350		81,250000		-0,999999		81,750000
19,450350		81,239998		-0,999999		81,739998
19,460350		81,229996		-0,999999		81,729996
19,470350		81,219994		-0,999999		81,719994
19,480350		81,209991		-0,999999		81,709991
19,490351		81,199989		-0,999999		81,699989
19,500351		81,189987		-0,999999		81,689987
19,510351		81,179985		-0,999999		81,679985
19,520351		81,169983		-0,999999		81,669983
19,530352		81,159981		-0,999999		81,659981
19,540352		81,149979		-0,999999		81,649979
19,550352		81,139977		-0,999999		81,639977
19,560352		81,129974		-0,999999		81,629974
19,570353		81,119972		-0,999999		81,619972
19,580353		81,109970		-0,999999		81,609970
19,590353		81,099968		-0,999999		81,599968
19,600353		81,089966		-0,999999		81,589966
19,610353		81,079964		-0,999999		81,579964
19,620354		81,069962		-0,999999		81,569962
19,630354		81,059959		-0,999999		81,559959
19,640354		81,049957		-0,999999		81,549957
19,650354		81,039955		-0,999999		81,539955
19,660355		81,029953		-0,999999		81,529953
19,670355		81,019951		-0,999999		81,519951
19,680355		81,009949		-0,999999		81,509949
19,690355		80,999947		-0,999999		81,499947
19,700356		80,989944		-0,999999		81,489944
19,710356		80,979942		-0,999999		81,479942
19,720356		80,969940		-0,999999		81,469940
19,730356		80,959938		-0,999999		81,459938
19,740356		80,949936		-0,999999		81,449936
19,750357		80,939934		-0,999999		81,439934
19,760357		80,929932		-0,999999		81,429932
19,770357		80,919930		-0,999999		81,419930
19,780357		80,909927		-0,999999		81,409927
19,790358		80,899925		-0,999999		81,399925
19,800358		80,889923		-0,999999		81,389923
19,810358		80,879921		-0,999999		81,379921
19,820358		80,869919		-0,999999		81,369919
19,830359		80,859917		-0,999999		81,359917
19,840359		80,849915		-0,999999		81,349915
19,850359		80,839912		-0,999999		81,339912
19,860359		80,829910		-0,999999		81,329910
19,870359		80,819908		-0,999999		81,319908
19,880360		80,809906		-0,999999		81,309906
19,890360		80,799904		-0,999999		81,299904
19,900360		80,789902		-0,999999		81,289902
19,910360		80,779900		-0,999999		81,279900
19,920361		80,769897		-0,999999		81,269897
19,930361		80,759895		-0,999999		81,259895
19,940361		80,749893		-0,999999		81,249893
19,950361		80,739891		-0,999999		81,239891
19,960361		80,729889		-0,999999		81,229889
19,970362		80,719887		-0,999999		81,219887
19,980362		80,709885		-0,999999		81,209885
19,990362		80,699883		-0,999999		81,199883
20,000362		80,689880		-0,999999		81,189880
