0,010000		99,999947		-0,009950		99,999992
0,020000		99,999794		-0,019801		99,999992
0,030000		99,999550		-0,029554		99,999985
0,040000		99,999207		-0,039210		99,999977
0,050000		99,998764		-0,048770		99,999954
0,060000		99,998230		-0,058235		99,999924
0,070000		99,997597		-0,067605		99,999886
0,080000		99,996872		-0,076882		99,999825
0,090000		99,996056		-0,086067		99,999756
0,100000		99,995148		-0,095161		99,999672
0,110000		99,994148		-0,104164		99,999573
0,120000		99,993065		-0,113078		99,999458
0,130000		99,991890		-0,121903		99,999321
0,140000		99,990623		-0,130640		99,999153
0,150000		99,989273		-0,139290		99,998978
0,160000		99,987839		-0,147854		99,998772
0,170000		99,986320		-0,156333		99,998543
0,180000		99,984718		-0,164727		99,998283
0,190000		99,983032		-0,173038		99,998001
0,200000		99,981262		-0,181267		99,997688
0,210000		99,979408		-0,189413		99,997345
0,220000		99,977470		-0,197478		99,996971
0,230000		99,975456		-0,205463		99,996567
0,240000		99,973358		-0,213369		99,996124
0,250000		99,971184		-0,221196		99,995651
0,260000		99,968933		-0,228945		99,995140
0,270000		99,966606		-0,236617		99,994598
0,280000		99,964203		-0,244213		99,994026
0,290000		99,961723		-0,251733		99,993408
0,300000		99,959167		-0,259178		99,992752
0,310000		99,956535		-0,266549		99,992058
0,320000		99,953835		-0,273847		99,991333
0,330000		99,951057		-0,281072		99,990555
0,340000		99,948212		-0,288226		99,989746
0,350000		99,945297		-0,295308		99,988899
0,360000		99,942307		-0,302319		99,988007
0,370000		99,939247		-0,309261		99,987068
0,380000		99,936119		-0,316134		99,986092
0,390000		99,932922		-0,322939		99,985069
0,400000		99,929657		-0,329675		99,984001
0,410000		99,926323		-0,336345		99,982887
0,420000		99,922928		-0,342949		99,981735
0,430000		99,919464		-0,349486		99,980537
0,440000		99,915939		-0,355959		99,979294
0,450000		99,912346		-0,362367		99,978004
0,460000		99,908691		-0,368712		99,976662
0,470000		99,904976		-0,374993		99,975288
0,480000		99,901192		-0,381212		99,973854
0,490000		99,897346		-0,387369		99,972374
0,500000		99,893440		-0,393464		99,970848
0,510000		99,889473		-0,399499		99,969276
0,520000		99,885445		-0,405474		99,967651
0,530000		99,881363		-0,411390		99,965981
0,540000		99,877220		-0,417246		99,964264
0,550000		99,873016		-0,423045		99,962502
0,560000		99,868759		-0,428786		99,960686
0,570000		99,864441		-0,434469		99,958824
0,580000		99,860069		-0,440096		99,956909
0,590000		99,855637		-0,445667		99,954948
0,600000		99,851151		-0,451183		99,952934
0,610000		99,846611		-0,456644		99,950874
0,620000		99,842018		-0,462050		99,948761
0,630000		99,837372		-0,467403		99,946602
0,640000		99,832672		-0,472702		99,944397
0,650000		99,827919		-0,477949		99,942139
0,660000		99,823112		-0,483143		99,939827
0,670000		99,818253		-0,488286		99,937462
0,680000		99,813347		-0,493377		99,935059
0,690000		99,808388		-0,498418		99,932594
0,700000		99,803375		-0,503409		99,930084
0,710000		99,798317		-0,508350		99,927528
0,720000		99,793205		-0,513242		99,924911
0,730000		99,788048		-0,518085		99,922256
0,740000		99,782845		-0,522880		99,919548
0,750000		99,777596		-0,527628		99,916794
0,760000		99,772293		-0,532328		99,913979
0,770000		99,766945		-0,536981		99,911118
0,780000		99,761551		-0,541588		99,908211
0,790000		99,756111		-0,546149		99,905251
0,800000		99,750626		-0,550665		99,902245
0,810000		99,745094		-0,555136		99,899185
0,820000		99,739517		-0,559562		99,896072
0,830000		99,733902		-0,563945		99,892921
0,839999		99,728241		-0,568283		99,889717
0,849999		99,722534		-0,572579		99,886459
0,859999		99,716789		-0,576832		99,883156
0,869999		99,710999		-0,581042		99,879807
0,879999		99,705170		-0,585211		99,876404
0,889999		99,699295		-0,589338		99,872955
0,899999		99,693382		-0,593424		99,869461
0,909999		99,687431		-0,597470		99,865913
0,919999		99,681435		-0,601475		99,862320
0,929999		99,675400		-0,605440		99,858681
0,939999		99,669327		-0,609366		99,854988
0,949999		99,663216		-0,613253		99,851257
0,959999		99,657066		-0,617101		99,847473
0,969999		99,650879		-0,620911		99,843643
0,979999		99,644653		-0,624683		99,839767
0,989999		99,638390		-0,628417		99,835846
0,999999		99,632088		-0,632115		99,831871
1,009999		99,625748		-0,635775		99,827850
1,019999		99,619370		-0,639399		99,823784
1,029999		99,612961		-0,642987		99,819679
1,039999		99,606514		-0,646539		99,815521
1,049999		99,600029		-0,650056		99,811317
1,059999		99,593513		-0,653538		99,807068
1,069999		99,586960		-0,656985		99,802773
1,079999		99,580376		-0,660398		99,798439
1,089999		99,573753		-0,663777		99,794052
1,099999		99,567101		-0,667123		99,789627
1,109999		99,560410		-0,670435		99,785149
1,119999		99,553688		-0,673714		99,780632
1,129999		99,546936		-0,676961		99,776077
1,139999		99,540154		-0,680175		99,771469
1,149999		99,533333		-0,683357		99,766823
1,159999		99,526482		-0,686508		99,762131
1,169999		99,519600		-0,689627		99,757393
1,179999		99,512688		-0,692715		99,752617
1,189999		99,505745		-0,695773		99,747795
1,199999		99,498772		-0,698800		99,742935
1,209999		99,491768		-0,701797		99,738029
1,219999		99,484734		-0,704764		99,733078
1,229999		99,477669		-0,707701		99,728088
1,239999		99,470573		-0,710610		99,723053
1,249999		99,463455		-0,713489		99,717987
1,259999		99,456306		-0,716340		99,712875
1,269999		99,449127		-0,719162		99,707726
1,279999		99,441925		-0,721957		99,702538
1,289999		99,434692		-0,724723		99,697304
1,299999		99,427429		-0,727462		99,692032
1,309999		99,420143		-0,730174		99,686722
1,319999		99,412827		-0,732859		99,681366
1,329999		99,405487		-0,735517		99,675980
1,339999		99,398117		-0,738148		99,670547
1,349999		99,390724		-0,740754		99,665085
1,359999		99,383301		-0,743333		99,659576
1,369999		99,375854		-0,745887		99,654030
1,379999		99,368385		-0,748416		99,648445
1,389999		99,360886		-0,750919		99,642822
1,399999		99,353363		-0,753397		99,637169
1,409999		99,345818		-0,755851		99,631470
1,419999		99,338249		-0,758280		99,625740
1,429999		99,330658		-0,760685		99,619980
1,439999		99,323036		-0,763067		99,614174
1,449999		99,315392		-0,765424		99,608330
1,459999		99,307724		-0,767758		99,602448
1,469999		99,300034		-0,770069		99,596535
1,479999		99,292320		-0,772357		99,590591
1,489999		99,284584		-0,774622		99,584602
1,499999		99,276825		-0,776864		99,578583
1,509999		99,269043		-0,779085		99,572533
1,519999		99,261238		-0,781283		99,566437
1,529999		99,253418		-0,783459		99,560326
1,539999		99,245575		-0,785613		99,554169
1,549999		99,237709		-0,787747		99,547981
1,559999		99,229820		-0,789858		99,541756
1,569999		99,221909		-0,791949		99,535500
1,579999		99,213982		-0,794020		99,529213
1,589999		99,206032		-0,796069		99,522896
1,599999		99,198059		-0,798098		99,516541
1,609999		99,190071		-0,800107		99,510155
1,619999		99,182060		-0,802096		99,503738
1,629999		99,174026		-0,804065		99,497284
1,639999		99,165977		-0,806015		99,490807
1,649999		99,157906		-0,807945		99,484291
1,659999		99,149818		-0,809856		99,477753
1,669999		99,141708		-0,811748		99,471176
1,679999		99,133583		-0,813621		99,464569
1,689999		99,125435		-0,815475		99,457932
1,699999		99,117271		-0,817311		99,451271
1,709999		99,109093		-0,819129		99,444580
1,719999		99,100891		-0,820929		99,437851
1,729999		99,092674		-0,822711		99,431099
1,739999		99,084435		-0,824475		99,424316
1,749999		99,076180		-0,826221		99,417503
1,759999		99,067909		-0,827950		99,410660
1,769999		99,059624		-0,829662		99,403793
1,779999		99,051315		-0,831357		99,396889
1,789999		99,042992		-0,833035		99,389969
1,799999		99,034653		-0,834696		99,383011
1,809999		99,026299		-0,836341		99,376030
1,819999		99,017929		-0,837969		99,369026
1,829999		99,009544		-0,839582		99,361992
1,839999		99,001137		-0,841178		99,354927
1,849999		98,992714		-0,842758		99,347832
1,859999		98,984276		-0,844323		99,340714
1,869999		98,975822		-0,845872		99,333572
1,879999		98,967354		-0,847405		99,326401
1,889999		98,958870		-0,848923		99,319206
1,899999		98,950371		-0,850427		99,311981
1,909999		98,941856		-0,851915		99,304733
1,919999		98,933327		-0,853388		99,297462
1,929999		98,924782		-0,854847		99,290161
1,939999		98,916229		-0,856291		99,282845
1,949998		98,907661		-0,857721		99,275505
1,959998		98,899078		-0,859137		99,268135
1,969998		98,890480		-0,860539		99,260742
1,979998		98,881866		-0,861926		99,253326
1,989998		98,873238		-0,863300		99,245880
1,999998		98,864601		-0,864660		99,238419
2,009999		98,855949		-0,866007		99,230934
2,019999		98,847282		-0,867340		99,223419
2,029999		98,838600		-0,868660		99,215889
2,039999		98,829910		-0,869967		99,208328
2,049999		98,821205		-0,871261		99,200752
2,059999		98,812485		-0,872542		99,193146
2,069999		98,803757		-0,873810		99,185532
2,079998		98,795013		-0,875066		99,177887
2,089998		98,786255		-0,876309		99,170212
2,099998		98,777489		-0,877539		99,162529
2,109998		98,768707		-0,878758		99,154816
2,119998		98,759911		-0,879964		99,147079
2,129998		98,751106		-0,881159		99,139328
2,139998		98,742287		-0,882341		99,131546
2,149998		98,733459		-0,883512		99,123756
2,159998		98,724617		-0,884671		99,115936
2,169998		98,715767		-0,885818		99,108101
2,179998		98,706902		-0,886954		99,100243
2,189998		98,698029		-0,888079		99,092369
2,199998		98,689140		-0,889193		99,084473
2,209998		98,680244		-0,890295		99,076561
2,219998		98,671333		-0,891387		99,068619
2,229998		98,662415		-0,892468		99,060661
2,239998		98,653488		-0,893538		99,052696
2,249998		98,644547		-0,894597		99,044701
2,259998		98,635597		-0,895646		99,036690
2,269998		98,626633		-0,896684		99,028656
2,279998		98,617661		-0,897712		99,020607
2,289998		98,608681		-0,898730		99,012535
2,299998		98,599686		-0,899737		99,004448
2,309998		98,590683		-0,900735		98,996346
2,319998		98,581673		-0,901723		98,988228
2,329998		98,572647		-0,902700		98,980080
2,339998		98,563614		-0,903669		98,971924
2,349998		98,554573		-0,904627		98,963745
2,359998		98,545525		-0,905576		98,955559
2,369998		98,536461		-0,906516		98,947350
2,379998		98,527390		-0,907446		98,939117
2,389998		98,518311		-0,908367		98,930878
2,399998		98,509224		-0,909278		98,922615
2,409998		98,500130		-0,910181		98,914345
2,419998		98,491020		-0,911075		98,906052
2,429998		98,481903		-0,911960		98,897736
2,439998		98,472778		-0,912836		98,889412
2,449998		98,463646		-0,913703		98,881073
2,459998		98,454506		-0,914562		98,872719
2,469998		98,445358		-0,915412		98,864349
2,479998		98,436203		-0,916253		98,855965
2,489998		98,427032		-0,917087		98,847557
2,499998		98,417854		-0,917912		98,839134
2,509998		98,408669		-0,918728		98,830696
2,519998		98,399475		-0,919537		98,822250
2,529998		98,390274		-0,920338		98,813782
2,539998		98,381065		-0,921130		98,805305
2,549998		98,371849		-0,921915		98,796814
2,559998		98,362625		-0,922692		98,788307
2,569998		98,353394		-0,923461		98,779785
2,579998		98,344154		-0,924223		98,771248
2,589998		98,334908		-0,924977		98,762695
2,599998		98,325653		-0,925723		98,754135
2,609998		98,316391		-0,926462		98,745560
2,619998		98,307121		-0,927194		98,736969
2,629998		98,297844		-0,927918		98,728363
2,639998		98,288559		-0,928636		98,719742
2,649998		98,279266		-0,929346		98,711105
2,659998		98,269966		-0,930049		98,702461
2,669998		98,260666		-0,930745		98,693810
2,679998		98,251358		-0,931434		98,685143
2,689998		98,242043		-0,932116		98,676460
2,699998		98,232719		-0,932792		98,667770
2,709998		98,223389		-0,933460		98,659065
2,719998		98,214050		-0,934122		98,650345
2,729998		98,204704		-0,934778		98,641609
2,739998		98,195351		-0,935427		98,632866
2,749998		98,185989		-0,936069		98,624100
2,759998		98,176628		-0,936705		98,615334
2,769998		98,167259		-0,937335		98,606560
2,779998		98,157883		-0,937959		98,597763
2,789998		98,148499		-0,938576		98,588959
2,799998		98,139107		-0,939187		98,580147
2,809998		98,129715		-0,939792		98,571320
2,819998		98,120316		-0,940391		98,562485
2,829998		98,110909		-0,940984		98,553635
2,839998		98,101494		-0,941572		98,544769
2,849998		98,092072		-0,942153		98,535896
2,859998		98,082649		-0,942729		98,527016
2,869998		98,073219		-0,943299		98,518127
2,879998		98,063782		-0,943863		98,509216
2,889998		98,054337		-0,944421		98,500305
2,899998		98,044891		-0,944974		98,491379
2,909998		98,035439		-0,945522		98,482445
2,919998		98,025978		-0,946064		98,473495
2,929998		98,016518		-0,946600		98,464546
2,939998		98,007050		-0,947132		98,455582
2,949998		97,997574		-0,947658		98,446602
2,959998		97,988098		-0,948179		98,437622
2,969998		97,978615		-0,948694		98,428627
2,979998		97,969124		-0,949205		98,419617
2,989998		97,959633		-0,949710		98,410606
2,999998		97,950134		-0,950211		98,401581
3,009998		97,940628		-0,950706		98,392548
3,019998		97,931122		-0,951196		98,383507
3,029998		97,921608		-0,951682		98,374458
3,039998		97,912086		-0,952163		98,365395
3,049998		97,902565		-0,952639		98,356323
3,059998		97,893036		-0,953110		98,347244
3,069998		97,883499		-0,953577		98,338150
3,079998		97,873962		-0,954039		98,329056
3,089998		97,864418		-0,954496		98,319946
3,099998		97,854874		-0,954949		98,310837
3,109998		97,845322		-0,955397		98,301712
3,119998		97,835762		-0,955841		98,292580
3,129997		97,826202		-0,956280		98,283440
3,139997		97,816635		-0,956715		98,274284
3,149997		97,807068		-0,957146		98,265129
3,159997		97,797493		-0,957572		98,255966
3,169997		97,787918		-0,957994		98,246796
3,179997		97,778336		-0,958412		98,237610
3,189997		97,768753		-0,958826		98,228424
3,199997		97,759163		-0,959236		98,219231
3,209997		97,749565		-0,959641		98,210022
3,219997		97,739967		-0,960043		98,200806
3,229997		97,730362		-0,960441		98,191582
3,239997		97,720757		-0,960834		98,182358
3,249997		97,711143		-0,961224		98,173119
3,259997		97,701530		-0,961610		98,163879
3,269997		97,691910		-0,961992		98,154625
3,279997		97,682289		-0,962370		98,145370
3,289997		97,672661		-0,962744		98,136101
3,299997		97,663033		-0,963115		98,126831
3,309997		97,653397		-0,963482		98,117546
3,319997		97,643761		-0,963845		98,108261
3,329997		97,634117		-0,964205		98,098961
3,339997		97,624474		-0,964561		98,089661
3,349997		97,614822		-0,964914		98,080353
3,359997		97,605171		-0,965263		98,071037
3,369997		97,595520		-0,965609		98,061722
3,379997		97,585861		-0,965951		98,052391
3,389997		97,576202		-0,966290		98,043060
3,399997		97,566536		-0,966625		98,033714
3,409997		97,556870		-0,966957		98,024376
3,419997		97,547195		-0,967286		98,015015
3,429997		97,537521		-0,967611		98,005653
3,439997		97,527847		-0,967934		97,996292
3,449997		97,518166		-0,968253		97,986923
3,459997		97,508484		-0,968569		97,977547
3,469997		97,498795		-0,968881		97,968163
3,479997		97,489105		-0,969191		97,958771
3,489997		97,479408		-0,969497		97,949371
3,499997		97,469711		-0,969801		97,939972
3,509997		97,460014		-0,970101		97,930565
3,519997		97,450310		-0,970399		97,921150
3,529997		97,440605		-0,970693		97,911728
3,539997		97,430901		-0,970985		97,902306
3,549997		97,421188		-0,971274		97,892876
3,559997		97,411476		-0,971560		97,883438
3,569997		97,401756		-0,971843		97,873993
3,579997		97,392036		-0,972123		97,864548
3,589997		97,382317		-0,972400		97,855095
3,599997		97,372589		-0,972675		97,845634
3,609997		97,362862		-0,972947		97,836174
3,619997		97,353134		-0,973216		97,826706
3,629997		97,343399		-0,973482		97,817230
3,639997		97,333664		-0,973746		97,807755
3,649997		97,323929		-0,974007		97,798271
3,659997		97,314186		-0,974266		97,788780
3,669997		97,304443		-0,974522		97,779289
3,679997		97,294701		-0,974776		97,769791
3,689997		97,284950		-0,975027		97,760292
3,699997		97,275200		-0,975275		97,750778
3,709997		97,265450		-0,975521		97,741272
3,719997		97,255692		-0,975765		97,731750
3,729997		97,245934		-0,976006		97,722229
3,739997		97,236176		-0,976244		97,712700
3,749997		97,226410		-0,976481		97,703171
3,759997		97,216644		-0,976715		97,693634
3,769997		97,206879		-0,976947		97,684090
3,779997		97,197105		-0,977176		97,674545
3,789997		97,187332		-0,977403		97,664993
3,799997		97,177559		-0,977628		97,655434
3,809997		97,167778		-0,977850		97,645874
3,819997		97,157997		-0,978071		97,636307
3,829997		97,148216		-0,978289		97,626740
3,839997		97,138435		-0,978505		97,617172
3,849997		97,128647		-0,978719		97,607590
3,859997		97,118858		-0,978931		97,598007
3,869997		97,109070		-0,979140		97,588425
3,879997		97,099274		-0,979348		97,578835
3,889997		97,089478		-0,979553		97,569237
3,899997		97,079681		-0,979757		97,559647
3,909997		97,069885		-0,979958		97,550041
3,919997		97,060081		-0,980158		97,540436
3,929997		97,050278		-0,980355		97,530823
3,939997		97,040474		-0,980550		97,521217
3,949997		97,030670		-0,980744		97,511597
3,959997		97,020859		-0,980936		97,501976
3,969997		97,011047		-0,981125		97,492348
3,979997		97,001236		-0,981313		97,482727
3,989997		96,991425		-0,981499		97,473091
3,999997		96,981606		-0,981683		97,463455
4,009997		96,971786		-0,981865		97,453819
4,019997		96,961967		-0,982046		97,444176
4,029997		96,952148		-0,982224		97,434532
4,039998		96,942322		-0,982401		97,424881
4,049998		96,932495		-0,982576		97,415222
4,059998		96,922668		-0,982750		97,405563
4,069998		96,912842		-0,982921		97,395912
4,079998		96,903015		-0,983091		97,386246
4,089999		96,893181		-0,983260		97,376579
4,099999		96,883347		-0,983426		97,366913
4,109999		96,873512		-0,983591		97,357239
4,119999		96,863678		-0,983754		97,347565
4,130000		96,853836		-0,983916		97,337883
4,140000		96,843994		-0,984076		97,328194
4,150000		96,834152		-0,984234		97,318512
4,160000		96,824310		-0,984391		97,308823
4,170001		96,814468		-0,984547		97,299133
4,180001		96,804619		-0,984700		97,289436
4,190001		96,794769		-0,984853		97,279739
4,200001		96,784920		-0,985003		97,270035
4,210001		96,775070		-0,985153		97,260330
4,220002		96,765221		-0,985300		97,250626
4,230002		96,755363		-0,985447		97,240913
4,240002		96,745506		-0,985591		97,231201
4,250002		96,735649		-0,985735		97,221489
4,260003		96,725792		-0,985877		97,211769
4,270003		96,715935		-0,986017		97,202049
4,280003		96,706078		-0,986156		97,192329
4,290003		96,696213		-0,986294		97,182602
4,300004		96,686348		-0,986430		97,172867
4,310004		96,676483		-0,986565		97,163139
4,320004		96,666618		-0,986699		97,153404
4,330004		96,656754		-0,986831		97,143669
4,340004		96,646881		-0,986962		97,133926
4,350005		96,637009		-0,987092		97,124184
4,360005		96,627136		-0,987221		97,114441
4,370005		96,617264		-0,987348		97,104691
4,380005		96,607391		-0,987474		97,094940
4,390006		96,597519		-0,987598		97,085197
4,400006		96,587639		-0,987722		97,075439
4,410006		96,577759		-0,987844		97,065674
4,420006		96,567879		-0,987965		97,055916
4,430007		96,557999		-0,988085		97,046158
4,440007		96,548119		-0,988203		97,036392
4,450007		96,538239		-0,988320		97,026627
4,460007		96,528358		-0,988437		97,016861
4,470007		96,518471		-0,988552		97,007088
4,480008		96,508583		-0,988666		96,997314
4,490008		96,498695		-0,988778		96,987534
4,500008		96,488808		-0,988890		96,977760
4,510008		96,478920		-0,989001		96,967979
4,520009		96,469032		-0,989110		96,958199
4,530009		96,459137		-0,989218		96,948410
4,540009		96,449242		-0,989326		96,938622
4,550009		96,439346		-0,989432		96,928833
4,560009		96,429451		-0,989537		96,919044
4,570010		96,419556		-0,989641		96,909248
4,580010		96,409660		-0,989744		96,899460
4,590010		96,399765		-0,989846		96,889664
4,600010		96,389870		-0,989947		96,879868
4,610011		96,379967		-0,990047		96,870064
4,620011		96,370064		-0,990146		96,860260
4,630011		96,360161		-0,990244		96,850456
4,640011		96,350258		-0,990341		96,840645
4,650012		96,340355		-0,990438		96,830841
4,660012		96,330452		-0,990533		96,821030
4,670012		96,320549		-0,990627		96,811218
4,680012		96,310646		-0,990720		96,801407
4,690012		96,300735		-0,990812		96,791588
4,700013		96,290825		-0,990904		96,781769
4,710013		96,280914		-0,990994		96,771950
4,720013		96,271004		-0,991084		96,762131
4,730013		96,261093		-0,991173		96,752304
4,740014		96,251183		-0,991261		96,742485
4,750014		96,241272		-0,991347		96,732658
4,760014		96,231361		-0,991434		96,722832
4,770014		96,221443		-0,991519		96,712997
4,780015		96,211525		-0,991603		96,703163
4,790015		96,201607		-0,991687		96,693329
4,800015		96,191689		-0,991769		96,683495
4,810015		96,181770		-0,991851		96,673653
4,820015		96,171852		-0,991932		96,663818
4,830016		96,161934		-0,992013		96,653976
4,840016		96,152016		-0,992092		96,644142
4,850016		96,142097		-0,992171		96,634300
4,860016		96,132172		-0,992249		96,624451
4,870017		96,122246		-0,992326		96,614601
4,880017		96,112320		-0,992402		96,604752
4,890017		96,102394		-0,992478		96,594902
4,900017		96,092468		-0,992553		96,585052
4,910017		96,082542		-0,992627		96,575195
4,920018		96,072617		-0,992700		96,565346
4,930018		96,062691		-0,992773		96,555489
4,940018		96,052765		-0,992845		96,545631
4,950018		96,042839		-0,992916		96,535782
4,960019		96,032913		-0,992986		96,525925
4,970019		96,022980		-0,993056		96,516060
4,980019		96,013046		-0,993125		96,506195
4,990019		96,003113		-0,993194		96,496330
5,000020		95,993179		-0,993261		96,486465
5,010020		95,983246		-0,993328		96,476593
5,020020		95,973312		-0,993395		96,466728
5,030020		95,963379		-0,993461		96,456863
5,040020		95,953445		-0,993526		96,446991
5,050021		95,943512		-0,993590		96,437126
5,060021		95,933578		-0,993654		96,427254
5,070021		95,923645		-0,993717		96,417381
5,080021		95,913704		-0,993780		96,407501
5,090022		95,903763		-0,993841		96,397621
5,100022		95,893822		-0,993903		96,387741
5,110022		95,883881		-0,993963		96,377861
5,120022		95,873940		-0,994023		96,367981
5,130023		95,863998		-0,994083		96,358101
5,140023		95,854057		-0,994142		96,348213
5,150023		95,844116		-0,994200		96,338333
5,160023		95,834175		-0,994258		96,328453
5,170023		95,824234		-0,994315		96,318565
5,180024		95,814293		-0,994372		96,308678
5,190024		95,804352		-0,994428		96,298798
5,200024		95,794411		-0,994483		96,288910
5,210024		95,784462		-0,994538		96,279015
5,220025		95,774513		-0,994592		96,269119
5,230025		95,764565		-0,994646		96,259224
5,240025		95,754616		-0,994699		96,249329
5,250025		95,744667		-0,994752		96,239433
5,260026		95,734718		-0,994804		96,229538
5,270026		95,724770		-0,994856		96,219635
5,280026		95,714821		-0,994907		96,209740
5,290026		95,704872		-0,994958		96,199844
5,300026		95,694923		-0,995008		96,189941
5,310027		95,684975		-0,995058		96,180046
5,320027		95,675026		-0,995107		96,170143
5,330027		95,665077		-0,995156		96,160248
5,340027		95,655128		-0,995204		96,150345
5,350028		95,645180		-0,995252		96,140442
5,360028		95,635223		-0,995299		96,130531
5,370028		95,625267		-0,995346		96,120621
5,380028		95,615311		-0,995392		96,110710
5,390028		95,605354		-0,995438		96,100800
5,400029		95,595398		-0,995483		96,090889
5,410029		95,585442		-0,995528		96,080978
5,420029		95,575485		-0,995573		96,071068
5,430029		95,565529		-0,995617		96,061157
5,440030		95,555573		-0,995660		96,051239
5,450030		95,545616		-0,995703		96,041328
5,460030		95,535660		-0,995746		96,031418
5,470030		95,525703		-0,995789		96,021500
5,480031		95,515747		-0,995830		96,011589
5,490031		95,505791		-0,995872		96,001671
5,500031		95,495834		-0,995913		95,991753
5,510031		95,485878		-0,995954		95,981842
5,520031		95,475922		-0,995994		95,971924
5,530032		95,465965		-0,996034		95,962006
5,540032		95,456001		-0,996073		95,952080
5,550032		95,446037		-0,996112		95,942154
5,560032		95,436073		-0,996151		95,932228
5,570033		95,426109		-0,996189		95,922302
5,580033		95,416145		-0,996227		95,912376
5,590033		95,406181		-0,996265		95,902451
5,600033		95,396217		-0,996302		95,892525
5,610034		95,386253		-0,996339		95,882599
5,620034		95,376289		-0,996375		95,872673
5,630034		95,366325		-0,996411		95,862740
5,640034		95,356361		-0,996447		95,852814
5,650034		95,346397		-0,996482		95,842888
5,660035		95,336433		-0,996517		95,832954
5,670035		95,326469		-0,996552		95,823029
5,680035		95,316505		-0,996586		95,813095
5,690035		95,306541		-0,996620		95,803169
5,700036		95,296577		-0,996654		95,793236
5,710036		95,286613		-0,996687		95,783302
5,720036		95,276649		-0,996720		95,773376
5,730036		95,266685		-0,996753		95,763443
5,740036		95,256721		-0,996785		95,753510
5,750037		95,246750		-0,996817		95,743568
5,760037		95,236778		-0,996849		95,733635
5,770037		95,226807		-0,996880		95,723694
5,780037		95,216835		-0,996911		95,713753
5,790038		95,206863		-0,996942		95,703812
5,800038		95,196892		-0,996972		95,693871
5,810038		95,186920		-0,997002		95,683929
5,820038		95,176949		-0,997032		95,673988
5,830039		95,166977		-0,997062		95,664040
5,840039		95,157005		-0,997091		95,654099
5,850039		95,147034		-0,997120		95,644157
5,860039		95,137062		-0,997149		95,634216
5,870039		95,127090		-0,997177		95,624268
5,880040		95,117119		-0,997205		95,614326
5,890040		95,107147		-0,997233		95,604385
5,900040		95,097176		-0,997260		95,594437
5,910040		95,087204		-0,997288		95,584496
5,920041		95,077232		-0,997315		95,574547
5,930041		95,067261		-0,997341		95,564606
5,940041		95,057289		-0,997368		95,554657
5,950041		95,047318		-0,997394		95,544716
5,960042		95,037346		-0,997420		95,534767
5,970042		95,027374		-0,997446		95,524826
5,980042		95,017403		-0,997471		95,514877
5,990042		95,007431		-0,997496		95,504929
6,000042		94,997459		-0,997521		95,494980
6,010043		94,987488		-0,997546		95,485039
6,020043		94,977509		-0,997570		95,475082
6,030043		94,967529		-0,997594		95,465126
6,040043		94,957550		-0,997618		95,455170
6,050044		94,947571		-0,997642		95,445213
6,060044		94,937592		-0,997666		95,435257
6,070044		94,927612		-0,997689		95,425301
6,080044		94,917633		-0,997712		95,415344
6,090044		94,907654		-0,997735		95,405388
6,100045		94,897675		-0,997757		95,395432
6,110045		94,887695		-0,997779		95,385475
6,120045		94,877716		-0,997801		95,375519
6,130045		94,867737		-0,997823		95,365562
6,140046		94,857758		-0,997845		95,355606
6,150046		94,847778		-0,997866		95,345650
6,160046		94,837799		-0,997888		95,335686
6,170046		94,827820		-0,997909		95,325729
6,180047		94,817841		-0,997930		95,315773
6,190047		94,807861		-0,997950		95,305817
6,200047		94,797882		-0,997971		95,295853
6,210047		94,787903		-0,997991		95,285896
6,220047		94,777924		-0,998011		95,275940
6,230048		94,767944		-0,998030		95,265976
6,240048		94,757965		-0,998050		95,256020
6,250048		94,747986		-0,998069		95,246056
6,260048		94,738007		-0,998089		95,236099
6,270049		94,728027		-0,998108		95,226135
6,280049		94,718048		-0,998127		95,216179
6,290049		94,708069		-0,998145		95,206215
6,300049		94,698090		-0,998164		95,196259
6,310050		94,688110		-0,998182		95,186295
6,320050		94,678131		-0,998200		95,176331
6,330050		94,668152		-0,998218		95,166374
6,340050		94,658173		-0,998236		95,156410
6,350050		94,648193		-0,998253		95,146446
6,360051		94,638214		-0,998271		95,136490
6,370051		94,628235		-0,998288		95,126526
6,380051		94,618256		-0,998305		95,116562
6,390051		94,608269		-0,998322		95,106590
6,400052		94,598282		-0,998338		95,096619
6,410052		94,588295		-0,998355		95,086655
6,420052		94,578308		-0,998371		95,076683
6,430052		94,568321		-0,998388		95,066711
6,440053		94,558334		-0,998404		95,056740
6,450053		94,548347		-0,998419		95,046768
6,460053		94,538361		-0,998435		95,036797
6,470053		94,528374		-0,998451		95,026825
6,480053		94,518387		-0,998466		95,016853
6,490054		94,508400		-0,998481		95,006882
6,500054		94,498413		-0,998497		94,996910
6,510054		94,488426		-0,998511		94,986938
6,520054		94,478439		-0,998526		94,976967
6,530055		94,468452		-0,998541		94,966995
6,540055		94,458466		-0,998555		94,957024
6,550055		94,448479		-0,998570		94,947052
6,560055		94,438492		-0,998584		94,937080
6,570055		94,428505		-0,998598		94,927101
6,580056		94,418518		-0,998612		94,917130
6,590056		94,408531		-0,998626		94,907158
6,600056		94,398544		-0,998640		94,897186
6,610056		94,388557		-0,998653		94,887215
6,620057		94,378571		-0,998667		94,877235
6,630057		94,368584		-0,998680		94,867264
6,640057		94,358597		-0,998693		94,857292
6,650057		94,348610		-0,998706		94,847313
6,660058		94,338623		-0,998719		94,837341
6,670058		94,328636		-0,998732		94,827370
6,680058		94,318649		-0,998744		94,817398
6,690058		94,308662		-0,998757		94,807419
6,700058		94,298676		-0,998769		94,797447
6,710059		94,288689		-0,998781		94,787468
6,720059		94,278702		-0,998793		94,777496
6,730059		94,268715		-0,998805		94,767525
6,740059		94,258728		-0,998817		94,757545
6,750060		94,248741		-0,998829		94,747574
6,760060		94,238754		-0,998841		94,737595
6,770060		94,228767		-0,998852		94,727623
6,780060		94,218781		-0,998864		94,717644
6,790061		94,208794		-0,998875		94,707672
6,800061		94,198807		-0,998886		94,697693
6,810061		94,188820		-0,998897		94,687721
6,820061		94,178833		-0,998908		94,677742
6,830061		94,168846		-0,998919		94,667763
6,840062		94,158859		-0,998930		94,657791
6,850062		94,148872		-0,998940		94,647812
6,860062		94,138885		-0,998951		94,637840
6,870062		94,128899		-0,998961		94,627861
6,880063		94,118912		-0,998972		94,617882
6,890063		94,108925		-0,998982		94,607910
6,900063		94,098938		-0,998992		94,597931
6,910063		94,088951		-0,999002		94,587952
6,920063		94,078964		-0,999012		94,577980
6,930064		94,068977		-0,999022		94,568001
6,940064		94,058990		-0,999032		94,558022
6,950064		94,049004		-0,999041		94,548042
6,960064		94,039017		-0,999051		94,538071
6,970065		94,029030		-0,999060		94,528091
6,980065		94,019043		-0,999070		94,518112
6,990065		94,009048		-0,999079		94,508125
7,000065		93,999054		-0,999088		94,498146
7,010066		93,989059		-0,999097		94,488159
7,020066		93,979065		-0,999106		94,478172
7,030066		93,969070		-0,999115		94,468185
7,040066		93,959076		-0,999124		94,458199
7,050066		93,949081		-0,999133		94,448212
7,060067		93,939087		-0,999141		94,438225
7,070067		93,929092		-0,999150		94,428246
7,080067		93,919098		-0,999158		94,418259
7,090067		93,909103		-0,999167		94,408272
7,100068		93,899109		-0,999175		94,398285
7,110068		93,889114		-0,999183		94,388298
7,120068		93,879120		-0,999191		94,378311
7,130068		93,869125		-0,999199		94,368324
7,140069		93,859131		-0,999207		94,358337
7,150069		93,849136		-0,999215		94,348351
7,160069		93,839142		-0,999223		94,338364
7,170069		93,829147		-0,999231		94,328377
7,180069		93,819153		-0,999238		94,318390
7,190070		93,809158		-0,999246		94,308403
7,200070		93,799164		-0,999253		94,298416
7,210070		93,789169		-0,999261		94,288429
7,220070		93,779175		-0,999268		94,278442
7,230071		93,769180		-0,999275		94,268456
7,240071		93,759186		-0,999283		94,258469
7,250071		93,749191		-0,999290		94,248482
7,260071		93,739197		-0,999297		94,238495
7,270072		93,729202		-0,999304		94,228508
7,280072		93,719208		-0,999311		94,218521
7,290072		93,709213		-0,999318		94,208534
7,300072		93,699219		-0,999324		94,198540
7,310072		93,689224		-0,999331		94,188553
7,320073		93,679230		-0,999338		94,178566
7,330073		93,669235		-0,999344		94,168579
7,340073		93,659241		-0,999351		94,158592
7,350073		93,649246		-0,999357		94,148605
7,360074		93,639252		-0,999364		94,138618
7,370074		93,629257		-0,999370		94,128624
7,380074		93,619263		-0,999376		94,118637
7,390074		93,609268		-0,999382		94,108650
7,400074		93,599274		-0,999389		94,098663
7,410075		93,589279		-0,999395		94,088676
7,420075		93,579285		-0,999401		94,078682
7,430075		93,569290		-0,999407		94,068695
7,440075		93,559296		-0,999413		94,058708
7,450076		93,549301		-0,999418		94,048721
7,460076		93,539307		-0,999424		94,038734
7,470076		93,529312		-0,999430		94,028740
7,480076		93,519318		-0,999436		94,018753
7,490077		93,509323		-0,999441		94,008766
7,500077		93,499329		-0,999447		93,998779
7,510077		93,489334		-0,999452		93,988785
7,520077		93,479340		-0,999458		93,978798
7,530077		93,469345		-0,999463		93,968811
7,540078		93,459351		-0,999468		93,958817
7,550078		93,449356		-0,999474		93,948830
7,560078		93,439362		-0,999479		93,938843
7,570078		93,429367		-0,999484		93,928848
7,580079		93,419373		-0,999489		93,918861
7,590079		93,409378		-0,999494		93,908875
7,600079		93,399384		-0,999499		93,898880
7,610079		93,389389		-0,999504		93,888893
7,620080		93,379395		-0,999509		93,878906
7,630080		93,369400		-0,999514		93,868912
7,640080		93,359406		-0,999519		93,858925
7,650080		93,349411		-0,999524		93,848938
7,660080		93,339417		-0,999529		93,838943
7,670081		93,329422		-0,999533		93,828957
7,680081		93,319427		-0,999538		93,818962
7,690081		93,309433		-0,999542		93,808975
7,700081		93,299438		-0,999547		93,798988
7,710082		93,289444		-0,999552		93,788994
7,720082		93,279449		-0,999556		93,779007
7,730082		93,269455		-0,999560		93,769012
7,740082		93,259460		-0,999565		93,759026
7,750082		93,249466		-0,999569		93,749039
7,760083		93,239471		-0,999573		93,739044
7,770083		93,229477		-0,999578		93,729057
7,780083		93,219482		-0,999582		93,719063
7,790083		93,209488		-0,999586		93,709076
7,800084		93,199493		-0,999590		93,699081
7,810084		93,189499		-0,999594		93,689095
7,820084		93,179504		-0,999598		93,679100
7,830084		93,169510		-0,999602		93,669113
7,840085		93,159515		-0,999606		93,659119
7,850085		93,149521		-0,999610		93,649132
7,860085		93,139526		-0,999614		93,639137
7,870085		93,129532		-0,999618		93,629150
7,880085		93,119537		-0,999622		93,619156
7,890086		93,109543		-0,999625		93,609169
7,900086		93,099548		-0,999629		93,599174
7,910086		93,089554		-0,999633		93,589188
7,920086		93,079559		-0,999636		93,579193
7,930087		93,069565		-0,999640		93,569206
7,940087		93,059570		-0,999644		93,559212
7,950087		93,049576		-0,999647		93,549225
7,960087		93,039581		-0,999651		93,539230
7,970088		93,029587		-0,999654		93,529243
7,980088		93,019592		-0,999658		93,519249
7,990088		93,009598		-0,999661		93,509262
8,000088		92,999603		-0,999664		93,499268
8,010088		92,989609		-0,999668		93,489273
8,020088		92,979614		-0,999671		93,479286
8,030088		92,969620		-0,999674		93,469292
8,040089		92,959625		-0,999678		93,459305
8,050089		92,949631		-0,999681		93,449310
8,060089		92,939636		-0,999684		93,439323
8,070089		92,929642		-0,999687		93,429329
8,080090		92,919647		-0,999690		93,419334
8,090090		92,909653		-0,999693		93,409348
8,100090		92,899658		-0,999696		93,399353
8,110090		92,889664		-0,999699		93,389366
8,120090		92,879669		-0,999702		93,379372
8,130091		92,869675		-0,999705		93,369377
8,140091		92,859680		-0,999708		93,359390
8,150091		92,849686		-0,999711		93,349396
8,160091		92,839691		-0,999714		93,339409
8,170092		92,829697		-0,999717		93,329414
8,180092		92,819702		-0,999720		93,319420
8,190092		92,809708		-0,999722		93,309433
8,200092		92,799713		-0,999725		93,299438
8,210093		92,789719		-0,999728		93,289444
8,220093		92,779724		-0,999731		93,279457
8,230093		92,769730		-0,999733		93,269463
8,240093		92,759735		-0,999736		93,259468
8,250093		92,749741		-0,999739		93,249481
8,260094		92,739746		-0,999741		93,239487
8,270094		92,729752		-0,999744		93,229492
8,280094		92,719757		-0,999746		93,219505
8,290094		92,709763		-0,999749		93,209511
8,300095		92,699768		-0,999751		93,199516
8,310095		92,689774		-0,999754		93,189529
8,320095		92,679779		-0,999756		93,179535
8,330095		92,669785		-0,999759		93,169540
8,340096		92,659790		-0,999761		93,159554
8,350096		92,649796		-0,999763		93,149559
8,360096		92,639801		-0,999766		93,139565
8,370096		92,629807		-0,999768		93,129578
8,380096		92,619812		-0,999770		93,119583
8,390097		92,609818		-0,999773		93,109589
8,400097		92,599823		-0,999775		93,099602
8,410097		92,589828		-0,999777		93,089607
8,420097		92,579834		-0,999779		93,079613
8,430098		92,569839		-0,999782		93,069618
8,440098		92,559845		-0,999784		93,059631
8,450098		92,549850		-0,999786		93,049637
8,460098		92,539856		-0,999788		93,039642
8,470098		92,529861		-0,999790		93,029655
8,480099		92,519867		-0,999792		93,019661
8,490099		92,509872		-0,999794		93,009666
8,500099		92,499878		-0,999796		92,999672
8,510099		92,489883		-0,999798		92,989685
8,520100		92,479889		-0,999800		92,979691
8,530100		92,469894		-0,999802		92,969696
8,540100		92,459900		-0,999804		92,959702
8,550100		92,449905		-0,999806		92,949715
8,560101		92,439911		-0,999808		92,939720
8,570101		92,429916		-0,999810		92,929726
8,580101		92,419922		-0,999812		92,919731
8,590101		92,409927		-0,999814		92,909744
8,600101		92,399933		-0,999816		92,899750
8,610102		92,389938		-0,999818		92,889755
8,620102		92,379944		-0,999819		92,879761
8,630102		92,369949		-0,999821		92,869774
8,640102		92,359955		-0,999823		92,859779
8,650103		92,349960		-0,999825		92,849785
8,660103		92,339966		-0,999826		92,839790
8,670103		92,329971		-0,999828		92,829796
8,680103		92,319977		-0,999830		92,819809
8,690104		92,309982		-0,999832		92,809814
8,700104		92,299980		-0,999833		92,799812
8,710104		92,289978		-0,999835		92,789810
8,720104		92,279976		-0,999837		92,779816
8,730104		92,269974		-0,999838		92,769814
8,740105		92,259972		-0,999840		92,759811
8,750105		92,249969		-0,999841		92,749809
8,760105		92,239967		-0,999843		92,739807
8,770105		92,229965		-0,999845		92,729813
8,780106		92,219963		-0,999846		92,719810
8,790106		92,209961		-0,999848		92,709808
8,800106		92,199959		-0,999849		92,699806
8,810106		92,189957		-0,999851		92,689804
8,820107		92,179955		-0,999852		92,679810
8,830107		92,169952		-0,999854		92,669807
8,840107		92,159950		-0,999855		92,659805
8,850107		92,149948		-0,999856		92,649803
8,860107		92,139946		-0,999858		92,639801
8,870108		92,129944		-0,999859		92,629807
8,880108		92,119942		-0,999861		92,619804
8,890108		92,109940		-0,999862		92,609802
8,900108		92,099937		-0,999863		92,599800
8,910109		92,089935		-0,999865		92,589798
8,920109		92,079933		-0,999866		92,579796
8,930109		92,069931		-0,999867		92,569801
8,940109		92,059929		-0,999869		92,559799
8,950109		92,049927		-0,999870		92,549797
8,960110		92,039925		-0,999871		92,539795
8,970110		92,029922		-0,999873		92,529793
8,980110		92,019920		-0,999874		92,519791
8,990110		92,009918		-0,999875		92,509796
9,000111		91,999916		-0,999876		92,499794
9,010111		91,989914		-0,999878		92,489792
9,020111		91,979912		-0,999879		92,479790
9,030111		91,969910		-0,999880		92,469788
9,040112		91,959908		-0,999881		92,459785
9,050112		91,949905		-0,999882		92,449791
9,060112		91,939903		-0,999884		92,439789
9,070112		91,929901		-0,999885		92,429787
9,080112		91,919899		-0,999886		92,419785
9,090113		91,909897		-0,999887		92,409782
9,100113		91,899895		-0,999888		92,399780
9,110113		91,889893		-0,999889		92,389778
9,120113		91,879890		-0,999890		92,379784
9,130114		91,869888		-0,999891		92,369781
9,140114		91,859886		-0,999893		92,359779
9,150114		91,849884		-0,999894		92,349777
9,160114		91,839882		-0,999895		92,339775
9,170115		91,829880		-0,999896		92,329773
9,180115		91,819878		-0,999897		92,319771
9,190115		91,809875		-0,999898		92,309776
9,200115		91,799873		-0,999899		92,299774
9,210115		91,789871		-0,999900		92,289772
9,220116		91,779869		-0,999901		92,279770
9,230116		91,769867		-0,999902		92,269768
9,240116		91,759865		-0,999903		92,259766
9,250116		91,749863		-0,999904		92,249763
9,260117		91,739861		-0,999905		92,239769
9,270117		91,729858		-0,999906		92,229767
9,280117		91,719856		-0,999907		92,219765
9,290117		91,709854		-0,999908		92,209763
9,300117		91,699852		-0,999908		92,199760
9,310118		91,689850		-0,999909		92,189758
9,320118		91,679848		-0,999910		92,179756
9,330118		91,669846		-0,999911		92,169754
9,340118		91,659843		-0,999912		92,159752
9,350119		91,649841		-0,999913		92,149757
9,360119		91,639839		-0,999914		92,139755
9,370119		91,629837		-0,999915		92,129753
9,380119		91,619835		-0,999915		92,119751
9,390120		91,609833		-0,999916		92,109749
9,400120		91,599831		-0,999917		92,099747
9,410120		91,589828		-0,999918		92,089745
9,420120		91,579826		-0,999919		92,079742
9,430120		91,569824		-0,999920		92,069740
9,440121		91,559822		-0,999920		92,059746
9,450121		91,549820		-0,999921		92,049744
9,460121		91,539818		-0,999922		92,039742
9,470121		91,529816		-0,999923		92,029739
9,480122		91,519814		-0,999924		92,019737
9,490122		91,509811		-0,999924		92,009735
9,500122		91,499809		-0,999925		91,999733
9,510122		91,489807		-0,999926		91,989731
9,520123		91,479805		-0,999927		91,979729
9,530123		91,469803		-0,999927		91,969727
9,540123		91,459801		-0,999928		91,959732
9,550123		91,449799		-0,999929		91,949730
9,560123		91,439796		-0,999929		91,939728
9,570124		91,429794		-0,999930		91,929726
9,580124		91,419792		-0,999931		91,919724
9,590124		91,409790		-0,999932		91,909721
9,600124		91,399788		-0,999932		91,899719
9,610125		91,389786		-0,999933		91,889717
9,620125		91,379784		-0,999934		91,879715
9,630125		91,369781		-0,999934		91,869713
9,640125		91,359779		-0,999935		91,859711
9,650126		91,349777		-0,999936		91,849716
9,660126		91,339775		-0,999936		91,839714
9,670126		91,329773		-0,999937		91,829712
9,680126		91,319771		-0,999937		91,819710
9,690126		91,309769		-0,999938		91,809708
9,700127		91,299767		-0,999939		91,799706
9,710127		91,289764		-0,999939		91,789703
9,720127		91,279762		-0,999940		91,779701
9,730127		91,269760		-0,999940		91,769699
9,740128		91,259758		-0,999941		91,759697
9,750128		91,249756		-0,999942		91,749695
9,760128		91,239754		-0,999942		91,739693
9,770128		91,229752		-0,999943		91,729698
9,780128		91,219749		-0,999943		91,719696
9,790129		91,209747		-0,999944		91,709694
9,800129		91,199745		-0,999945		91,699692
9,810129		91,189743		-0,999945		91,689690
9,820129		91,179741		-0,999946		91,679688
9,830130		91,169739		-0,999946		91,669685
9,840130		91,159737		-0,999947		91,659683
9,850130		91,149734		-0,999947		91,649681
9,860130		91,139732		-0,999948		91,639679
9,870131		91,129730		-0,999948		91,629677
9,880131		91,119728		-0,999949		91,619675
9,890131		91,109726		-0,999949		91,609673
9,900131		91,099724		-0,999950		91,599670
9,910131		91,089722		-0,999950		91,589668
9,920132		91,079720		-0,999951		91,579674
9,930132		91,069717		-0,999951		91,569672
9,940132		91,059715		-0,999952		91,559669
9,950132		91,049713		-0,999952		91,549667
9,960133		91,039711		-0,999953		91,539665
9,970133		91,029709		-0,999953		91,529663
9,980133		91,019707		-0,999954		91,519661
9,990133		91,009705		-0,999954		91,509659
10,000134		90,999702		-0,999955		91,499657
10,010134		90,989700		-0,999955		91,489655
10,020134		90,979698		-0,999955		91,479652
10,030134		90,969696		-0,999956		91,469650
10,040134		90,959694		-0,999956		91,459648
10,050135		90,949692		-0,999957		91,449646
10,060135		90,939690		-0,999957		91,439644
10,070135		90,929688		-0,999958		91,429642
10,080135		90,919685		-0,999958		91,419640
10,090136		90,909683		-0,999958		91,409645
10,100136		90,899681		-0,999959		91,399643
10,110136		90,889679		-0,999959		91,389641
10,120136		90,879677		-0,999960		91,379639
10,130136		90,869675		-0,999960		91,369637
10,140137		90,859673		-0,999960		91,359634
10,150137		90,849670		-0,999961		91,349632
10,160137		90,839668		-0,999961		91,339630
10,170137		90,829666		-0,999962		91,329628
10,180138		90,819664		-0,999962		91,319626
10,190138		90,809662		-0,999962		91,309624
10,200138		90,799660		-0,999963		91,299622
10,210138		90,789658		-0,999963		91,289619
10,220139		90,779655		-0,999963		91,279617
10,230139		90,769653		-0,999964		91,269615
10,240139		90,759651		-0,999964		91,259613
10,250139		90,749649		-0,999965		91,249611
10,260139		90,739647		-0,999965		91,239609
10,270140		90,729645		-0,999965		91,229607
10,280140		90,719643		-0,999966		91,219604
10,290140		90,709641		-0,999966		91,209610
10,300140		90,699638		-0,999966		91,199608
10,310141		90,689636		-0,999967		91,189606
10,320141		90,679634		-0,999967		91,179604
10,330141		90,669632		-0,999967		91,169601
10,340141		90,659630		-0,999968		91,159599
10,350142		90,649628		-0,999968		91,149597
10,360142		90,639626		-0,999968		91,139595
10,370142		90,629623		-0,999969		91,129593
10,380142		90,619621		-0,999969		91,119591
10,390142		90,609619		-0,999969		91,109589
10,400143		90,599617		-0,999969		91,099586
10,410143		90,589615		-0,999970		91,089584
10,420143		90,579613		-0,999970		91,079582
10,430143		90,569611		-0,999970		91,069580
10,440144		90,559608		-0,999971		91,059578
10,450144		90,549606		-0,999971		91,049576
10,460144		90,539604		-0,999971		91,039574
10,470144		90,529602		-0,999972		91,029572
10,480145		90,519600		-0,999972		91,019569
10,490145		90,509598		-0,999972		91,009567
10,500145		90,499596		-0,999972		90,999565
10,510145		90,489594		-0,999973		90,989563
10,520145		90,479591		-0,999973		90,979561
10,530146		90,469589		-0,999973		90,969566
10,540146		90,459587		-0,999974		90,959564
10,550146		90,449585		-0,999974		90,949562
10,560146		90,439583		-0,999974		90,939560
10,570147		90,429581		-0,999974		90,929558
10,580147		90,419579		-0,999974		90,919556
10,590147		90,409576		-0,999975		90,909554
10,600147		90,399574		-0,999975		90,899551
10,610147		90,389572		-0,999975		90,889549
10,620148		90,379570		-0,999975		90,879547
10,630148		90,369568		-0,999976		90,869545
10,640148		90,359566		-0,999976		90,859543
10,650148		90,349564		-0,999976		90,849541
10,660149		90,339561		-0,999976		90,839539
10,670149		90,329559		-0,999977		90,829536
10,680149		90,319557		-0,999977		90,819534
10,690149		90,309555		-0,999977		90,809532
10,700150		90,299553		-0,999977		90,799530
10,710150		90,289551		-0,999978		90,789528
10,720150		90,279549		-0,999978		90,779526
10,730150		90,269547		-0,999978		90,769524
10,740150		90,259544		-0,999978		90,759521
10,750151		90,249542		-0,999979		90,749519
10,760151		90,239540		-0,999979		90,739517
10,770151		90,229538		-0,999979		90,729515
10,780151		90,219536		-0,999979		90,719513
10,790152		90,209534		-0,999979		90,709511
10,800152		90,199532		-0,999980		90,699509
10,810152		90,189529		-0,999980		90,689507
10,820152		90,179527		-0,999980		90,679504
10,830153		90,169525		-0,999980		90,669502
10,840153		90,159523		-0,999980		90,659500
10,850153		90,149521		-0,999980		90,649498
10,860153		90,139519		-0,999981		90,639496
10,870153		90,129517		-0,999981		90,629494
10,880154		90,119514		-0,999981		90,619499
10,890154		90,109512		-0,999981		90,609497
10,900154		90,099510		-0,999981		90,599495
10,910154		90,089508		-0,999982		90,589493
10,920155		90,079506		-0,999982		90,579491
10,930155		90,069504		-0,999982		90,569489
10,940155		90,059502		-0,999982		90,559486
10,950155		90,049500		-0,999982		90,549484
10,960155		90,039497		-0,999982		90,539482
10,970156		90,029495		-0,999983		90,529480
10,980156		90,019493		-0,999983		90,519478
10,990156		90,009491		-0,999983		90,509476
11,000156		89,999489		-0,999983		90,499474
11,010157		89,989487		-0,999983		90,489471
11,020157		89,979485		-0,999983		90,479469
11,030157		89,969482		-0,999984		90,469467
11,040157		89,959480		-0,999984		90,459465
11,050158		89,949478		-0,999984		90,449463
11,060158		89,939476		-0,999984		90,439461
11,070158		89,929474		-0,999984		90,429459
11,080158		89,919472		-0,999985		90,419456
11,090158		89,909470		-0,999985		90,409454
11,100159		89,899467		-0,999985		90,399452
11,110159		89,889465		-0,999985		90,389450
11,120159		89,879463		-0,999985		90,379448
11,130159		89,869461		-0,999985		90,369446
11,140160		89,859459		-0,999985		90,359444
11,150160		89,849457		-0,999986		90,349442
11,160160		89,839455		-0,999986		90,339439
11,170160		89,829453		-0,999986		90,329437
11,180161		89,819450		-0,999986		90,319435
11,190161		89,809448		-0,999986		90,309433
11,200161		89,799446		-0,999986		90,299431
11,210161		89,789444		-0,999986		90,289429
11,220161		89,779442		-0,999986		90,279427
11,230162		89,769440		-0,999987		90,269424
11,240162		89,759438		-0,999987		90,259422
11,250162		89,749435		-0,999987		90,249420
11,260162		89,739433		-0,999987		90,239418
11,270163		89,729431		-0,999987		90,229416
11,280163		89,719429		-0,999987		90,219414
11,290163		89,709427		-0,999987		90,209412
11,300163		89,699425		-0,999987		90,199409
11,310163		89,689423		-0,999987		90,189407
11,320164		89,679420		-0,999988		90,179405
11,330164		89,669418		-0,999988		90,169403
11,340164		89,659416		-0,999988		90,159401
11,350164		89,649414		-0,999988		90,149399
11,360165		89,639412		-0,999988		90,139397
11,370165		89,629410		-0,999988		90,129395
11,380165		89,619408		-0,999988		90,119392
11,390165		89,609406		-0,999988		90,109390
11,400166		89,599403		-0,999989		90,099396
11,410166		89,589401		-0,999989		90,089394
11,420166		89,579399		-0,999989		90,079391
11,430166		89,569397		-0,999989		90,069389
11,440166		89,559395		-0,999989		90,059387
11,450167		89,549393		-0,999989		90,049385
11,460167		89,539391		-0,999989		90,039383
11,470167		89,529388		-0,999989		90,029381
11,480167		89,519386		-0,999990		90,019379
11,490168		89,509384		-0,999990		90,009377
11,500168		89,499382		-0,999990		89,999374
11,510168		89,489380		-0,999990		89,989372
11,520168		89,479378		-0,999990		89,979370
11,530169		89,469376		-0,999990		89,969368
11,540169		89,459373		-0,999990		89,959366
11,550169		89,449371		-0,999990		89,949364
11,560169		89,439369		-0,999990		89,939362
11,570169		89,429367		-0,999991		89,929359
11,580170		89,419365		-0,999991		89,919357
11,590170		89,409363		-0,999991		89,909355
11,600170		89,399361		-0,999991		89,899353
11,610170		89,389359		-0,999991		89,889351
11,620171		89,379356		-0,999991		89,879349
11,630171		89,369354		-0,999991		89,869347
11,640171		89,359352		-0,999991		89,859344
11,650171		89,349350		-0,999991		89,849342
11,660172		89,339348		-0,999991		89,839340
11,670172		89,329346		-0,999991		89,829338
11,680172		89,319344		-0,999991		89,819336
11,690172		89,309341		-0,999992		89,809334
11,700172		89,299339		-0,999992		89,799332
11,710173		89,289337		-0,999992		89,789330
11,720173		89,279335		-0,999992		89,779327
11,730173		89,269333		-0,999992		89,769325
11,740173		89,259331		-0,999992		89,759323
11,750174		89,249329		-0,999992		89,749321
11,760174		89,239326		-0,999992		89,739319
11,770174		89,229324		-0,999992		89,729317
11,780174		89,219322		-0,999992		89,719315
11,790174		89,209320		-0,999992		89,709312
11,800175		89,199318		-0,999992		89,699310
11,810175		89,189316		-0,999992		89,689308
11,820175		89,179314		-0,999992		89,679306
11,830175		89,169312		-0,999992		89,669304
11,840176		89,159309		-0,999992		89,659302
11,850176		89,149307		-0,999992		89,649300
11,860176		89,139305		-0,999993		89,639297
11,870176		89,129303		-0,999993		89,629295
11,880177		89,119301		-0,999993		89,619293
11,890177		89,109299		-0,999993		89,609291
11,900177		89,099297		-0,999993		89,599289
11,910177		89,089294		-0,999993		89,589287
11,920177		89,079292		-0,999993		89,579285
11,930178		89,069290		-0,999993		89,569283
11,940178		89,059288		-0,999993		89,559280
11,950178		89,049286		-0,999993		89,549278
11,960178		89,039284		-0,999993		89,539276
11,970179		89,029282		-0,999993		89,529274
11,980179		89,019279		-0,999993		89,519272
11,990179		89,009277		-0,999993		89,509270
12,000179		88,999275		-0,999993		89,499268
12,010180		88,989273		-0,999993		89,489265
12,020180		88,979271		-0,999994		89,479263
12,030180		88,969269		-0,999994		89,469261
12,040180		88,959267		-0,999994		89,459259
12,050180		88,949265		-0,999994		89,449257
12,060181		88,939262		-0,999994		89,439255
12,070181		88,929260		-0,999994		89,429253
12,080181		88,919258		-0,999994		89,419250
12,090181		88,909256		-0,999994		89,409248
12,100182		88,899254		-0,999994		89,399246
12,110182		88,889252		-0,999994		89,389244
12,120182		88,879250		-0,999994		89,379242
12,130182		88,869247		-0,999994		89,369240
12,140182		88,859245		-0,999994		89,359238
12,150183		88,849243		-0,999994		89,349236
12,160183		88,839241		-0,999994		89,339233
12,170183		88,829239		-0,999994		89,329231
12,180183		88,819237		-0,999994		89,319229
12,190184		88,809235		-0,999995		89,309227
12,200184		88,799232		-0,999995		89,299225
12,210184		88,789230		-0,999995		89,289223
12,220184		88,779228		-0,999995		89,279221
12,230185		88,769226		-0,999995		89,269218
12,240185		88,759224		-0,999995		89,259216
12,250185		88,749222		-0,999995		89,249214
12,260185		88,739220		-0,999995		89,239212
12,270185		88,729218		-0,999995		89,229210
12,280186		88,719215		-0,999995		89,219208
12,290186		88,709213		-0,999995		89,209206
12,300186		88,699211		-0,999995		89,199203
12,310186		88,689209		-0,999995		89,189201
12,320187		88,679207		-0,999995		89,179199
12,330187		88,669205		-0,999995		89,169197
12,340187		88,659203		-0,999995		89,159195
12,350187		88,649200		-0,999995		89,149193
12,360188		88,639198		-0,999996		89,139191
12,370188		88,629196		-0,999996		89,129189
12,380188		88,619194		-0,999996		89,119186
12,390188		88,609192		-0,999996		89,109184
12,400188		88,599190		-0,999996		89,099182
12,410189		88,589188		-0,999996		89,089180
12,420189		88,579185		-0,999996		89,079178
12,430189		88,569183		-0,999996		89,069176
12,440189		88,559181		-0,999996		89,059174
12,450190		88,549179		-0,999996		89,049171
12,460190		88,539177		-0,999996		89,039169
12,470190		88,529175		-0,999996		89,029175
12,480190		88,519173		-0,999996		89,019173
12,490191		88,509171		-0,999996		89,009171
12,500191		88,499168		-0,999996		88,999168
12,510191		88,489166		-0,999996		88,989166
12,520191		88,479164		-0,999996		88,979164
12,530191		88,469162		-0,999997		88,969162
12,540192		88,459160		-0,999997		88,959160
12,550192		88,449158		-0,999997		88,949158
12,560192		88,439156		-0,999997		88,939156
12,570192		88,429153		-0,999997		88,929153
12,580193		88,419151		-0,999997		88,919151
12,590193		88,409149		-0,999997		88,909149
12,600193		88,399147		-0,999997		88,899147
12,610193		88,389145		-0,999997		88,889145
12,620193		88,379143		-0,999997		88,879143
12,630194		88,369141		-0,999997		88,869141
12,640194		88,359138		-0,999997		88,859138
12,650194		88,349136		-0,999997		88,849136
12,660194		88,339134		-0,999997		88,839134
12,670195		88,329132		-0,999997		88,829132
12,680195		88,319130		-0,999997		88,819130
12,690195		88,309128		-0,999997		88,809128
12,700195		88,299126		-0,999997		88,799126
12,710196		88,289124		-0,999997		88,789124
12,720196		88,279121		-0,999997		88,779121
12,730196		88,269119		-0,999997		88,769119
12,740196		88,259117		-0,999997		88,759117
12,750196		88,249115		-0,999997		88,749115
12,760197		88,239113		-0,999997		88,739113
12,770197		88,229111		-0,999997		88,729111
12,780197		88,219109		-0,999997		88,719109
12,790197		88,209106		-0,999997		88,709106
12,800198		88,199104		-0,999997		88,699104
12,810198		88,189102		-0,999997		88,689102
12,820198		88,179100		-0,999997		88,679100
12,830198		88,169098		-0,999997		88,669098
12,840199		88,159096		-0,999997		88,659096
12,850199		88,149094		-0,999997		88,649094
12,860199		88,139091		-0,999997		88,639091
12,870199		88,129089		-0,999997		88,629089
12,880199		88,119087		-0,999997		88,619087
12,890200		88,109085		-0,999997		88,609085
12,900200		88,099083		-0,999997		88,599083
12,910200		88,089081		-0,999997		88,589081
12,920200		88,079079		-0,999997		88,579079
12,930201		88,069077		-0,999997		88,569077
12,940201		88,059074		-0,999997		88,559074
12,950201		88,049072		-0,999997		88,549072
12,960201		88,039070		-0,999997		88,539070
12,970201		88,029068		-0,999997		88,529068
12,980202		88,019066		-0,999997		88,519066
12,990202		88,009064		-0,999997		88,509064
13,000202		87,999062		-0,999997		88,499062
13,010202		87,989059		-0,999997		88,489059
13,020203		87,979057		-0,999997		88,479057
13,030203		87,969055		-0,999997		88,469055
13,040203		87,959053		-0,999997		88,459053
13,050203		87,949051		-0,999997		88,449051
13,060204		87,939049		-0,999997		88,439049
13,070204		87,929047		-0,999997		88,429047
13,080204		87,919044		-0,999997		88,419044
13,090204		87,909042		-0,999997		88,409042
13,100204		87,899040		-0,999997		88,399040
13,110205		87,889038		-0,999997		88,389038
13,120205		87,879036		-0,999997		88,379036
13,130205		87,869034		-0,999997		88,369034
13,140205		87,859032		-0,999997		88,359032
13,150206		87,849030		-0,999997		88,349030
13,160206		87,839027		-0,999997		88,339027
13,170206		87,829025		-0,999997		88,329025
13,180206		87,819023		-0,999997		88,319023
13,190207		87,809021		-0,999997		88,309021
13,200207		87,799019		-0,999997		88,299019
13,210207		87,789017		-0,999997		88,289017
13,220207		87,779015		-0,999997		88,279015
13,230207		87,769012		-0,999997		88,269012
13,240208		87,759010		-0,999997		88,259010
13,250208		87,749008		-0,999997		88,249008
13,260208		87,739006		-0,999997		88,239006
13,270208		87,729004		-0,999997		88,229004
13,280209		87,719002		-0,999997		88,219002
13,290209		87,709000		-0,999997		88,209000
13,300209		87,698997		-0,999997		88,198997
13,310209		87,688995		-0,999997		88,188995
13,320210		87,678993		-0,999997		88,178993
13,330210		87,668991		-0,999997		88,168991
13,340210		87,658989		-0,999997		88,158989
13,350210		87,648987		-0,999997		88,148987
13,360210		87,638985		-0,999997		88,138985
13,370211		87,628983		-0,999997		88,128983
13,380211		87,618980		-0,999997		88,118980
13,390211		87,608978		-0,999997		88,108978
13,400211		87,598976		-0,999997		88,098976
13,410212		87,588974		-0,999997		88,088974
13,420212		87,578972		-0,999997		88,078972
13,430212		87,568970		-0,999997		88,068970
13,440212		87,558968		-0,999997		88,058968
13,450212		87,548965		-0,999997		88,048965
13,460213		87,538963		-0,999997		88,038963
13,470213		87,528961		-0,999997		88,028961
13,480213		87,518959		-0,999997		88,018959
13,490213		87,508957		-0,999997		88,008957
13,500214		87,498955		-0,999997		87,998955
13,510214		87,488953		-0,999997		87,988953
13,520214		87,478951		-0,999997		87,978951
13,530214		87,468948		-0,999997		87,968948
13,540215		87,458946		-0,999997		87,958946
13,550215		87,448944		-0,999997		87,948944
13,560215		87,438942		-0,999997		87,938942
13,570215		87,428940		-0,999997		87,928940
13,580215		87,418938		-0,999997		87,918938
13,590216		87,408936		-0,999997		87,908936
13,600216		87,398933		-0,999997		87,898933
13,610216		87,388931		-0,999997		87,888931
13,620216		87,378929		-0,999997		87,878929
13,630217		87,368927		-0,999997		87,868927
13,640217		87,358925		-0,999997		87,858925
13,650217		87,348923		-0,999997		87,848923
13,660217		87,338921		-0,999997		87,838921
13,670218		87,328918		-0,999997		87,828918
13,680218		87,318916		-0,999997		87,818916
13,690218		87,308914		-0,999997		87,808914
13,700218		87,298912		-0,999997		87,798912
13,710218		87,288910		-0,999997		87,788910
13,720219		87,278908		-0,999997		87,778908
13,730219		87,268906		-0,999997		87,768906
13,740219		87,258904		-0,999997		87,758904
13,750219		87,248901		-0,999997		87,748901
13,760220		87,238899		-0,999997		87,738899
13,770220		87,228897		-0,999997		87,728897
13,780220		87,218895		-0,999997		87,718895
13,790220		87,208893		-0,999997		87,708893
13,800220		87,198891		-0,999997		87,698891
13,810221		87,188889		-0,999997		87,688889
13,820221		87,178886		-0,999997		87,678886
13,830221		87,168884		-0,999997		87,668884
13,840221		87,158882		-0,999997		87,658882
13,850222		87,148880		-0,999997		87,648880
13,860222		87,138878		-0,999997		87,638878
13,870222		87,128876		-0,999997		87,628876
13,880222		87,118874		-0,999997		87,618874
13,890223		87,108871		-0,999997		87,608871
13,900223		87,098869		-0,999997		87,598869
13,910223		87,088867		-0,999997		87,588867
13,920223		87,078865		-0,999997		87,578865
13,930223		87,068863		-0,999997		87,568863
13,940224		87,058861		-0,999997		87,558861
13,950224		87,048859		-0,999997		87,548859
13,960224		87,038857		-0,999997		87,538857
13,970224		87,028854		-0,999997		87,528854
13,980225		87,018852		-0,999997		87,518852
13,990225		87,008850		-0,999997		87,508850
14,000225		86,998848		-0,999997		87,498848
14,010225		86,988846		-0,999997		87,488846
14,020226		86,978844		-0,999997		87,478844
14,030226		86,968842		-0,999997		87,468842
14,040226		86,958839		-0,999997		87,458839
14,050226		86,948837		-0,999997		87,448837
14,060226		86,938835		-0,999997		87,438835
14,070227		86,928833		-0,999997		87,428833
14,080227		86,918831		-0,999997		87,418831
14,090227		86,908829		-0,999997		87,408829
14,100227		86,898827		-0,999997		87,398827
14,110228		86,888824		-0,999997		87,388824
14,120228		86,878822		-0,999997		87,378822
14,130228		86,868820		-0,999997		87,368820
14,140228		86,858818		-0,999997		87,358818
14,150229		86,848816		-0,999997		87,348816
14,160229		86,838814		-0,999997		87,338814
14,170229		86,828812		-0,999997		87,328812
14,180229		86,818810		-0,999997		87,318810
14,190229		86,808807		-0,999997		87,308807
14,200230		86,798805		-0,999997		87,298805
14,210230		86,788803		-0,999997		87,288803
14,220230		86,778801		-0,999997		87,278801
14,230230		86,768799		-0,999997		87,268799
14,240231		86,758797		-0,999997		87,258797
14,250231		86,748795		-0,999997		87,248795
14,260231		86,738792		-0,999997		87,238792
14,270231		86,728790		-0,999997		87,228790
14,280231		86,718788		-0,999997		87,218788
14,290232		86,708786		-0,999997		87,208786
14,300232		86,698784		-0,999997		87,198784
14,310232		86,688782		-0,999997		87,188782
14,320232		86,678780		-0,999997		87,178780
14,330233		86,668777		-0,999997		87,168777
14,340233		86,658775		-0,999997		87,158775
14,350233		86,648773		-0,999997		87,148773
14,360233		86,638771		-0,999997		87,138771
14,370234		86,628769		-0,999997		87,128769
14,380234		86,618767		-0,999997		87,118767
14,390234		86,608765		-0,999997		87,108765
14,400234		86,598763		-0,999997		87,098763
14,410234		86,588760		-0,999997		87,088760
14,420235		86,578758		-0,999997		87,078758
14,430235		86,568756		-0,999997		87,068756
14,440235		86,558754		-0,999997		87,058754
14,450235		86,548752		-0,999997		87,048752
14,460236		86,538750		-0,999997		87,038750
14,470236		86,528748		-0,999997		87,028748
14,480236		86,518745		-0,999997		87,018745
14,490236		86,508743		-0,999997		87,008743
14,500237		86,498741		-0,999997		86,998741
14,510237		86,488739		-0,999997		86,988739
14,520237		86,478737		-0,999997		86,978737
14,530237		86,468735		-0,999997		86,968735
14,540237		86,458733		-0,999997		86,958733
14,550238		86,448730		-0,999997		86,948730
14,560238		86,438728		-0,999997		86,938728
14,570238		86,428726		-0,999997		86,928726
14,580238		86,418724		-0,999997		86,918724
14,590239		86,408722		-0,999997		86,908722
14,600239		86,398720		-0,999997		86,898720
14,610239		86,388718		-0,999997		86,888718
14,620239		86,378716		-0,999997		86,878716
14,630239		86,368713		-0,999997		86,868713
14,640240		86,358711		-0,999997		86,858711
14,650240		86,348709		-0,999997		86,848709
14,660240		86,338707		-0,999997		86,838707
14,670240		86,328705		-0,999997		86,828705
14,680241		86,318703		-0,999997		86,818703
14,690241		86,308701		-0,999997		86,808701
14,700241		86,298698		-0,999997		86,798698
14,710241		86,288696		-0,999997		86,788696
14,720242		86,278694		-0,999997		86,778694
14,730242		86,268692		-0,999997		86,768692
14,740242		86,258690		-0,999997		86,758690
14,750242		86,248688		-0,999997		86,748688
14,760242		86,238686		-0,999997		86,738686
14,770243		86,228683		-0,999997		86,728683
14,780243		86,218681		-0,999997		86,718681
14,790243		86,208679		-0,999997		86,708679
14,800243		86,198677		-0,999997		86,698677
14,810244		86,188675		-0,999997		86,688675
14,820244		86,178673		-0,999997		86,678673
14,830244		86,168671		-0,999997		86,668671
14,840244		86,158669		-0,999997		86,658669
14,850245		86,148666		-0,999997		86,648666
14,860245		86,138664		-0,999997		86,638664
14,870245		86,128662		-0,999997		86,628662
14,880245		86,118660		-0,999997		86,618660
14,890245		86,108658		-0,999997		86,608658
14,900246		86,098656		-0,999997		86,598656
14,910246		86,088654		-0,999997		86,588654
14,920246		86,078651		-0,999997		86,578651
14,930246		86,068649		-0,999997		86,568649
14,940247		86,058647		-0,999997		86,558647
14,950247		86,048645		-0,999997		86,548645
14,960247		86,038643		-0,999997		86,538643
14,970247		86,028641		-0,999997		86,528641
14,980247		86,018639		-0,999997		86,518639
14,990248		86,008636		-0,999997		86,508636
15,000248		85,998634		-0,999997		86,498634
15,010248		85,988632		-0,999997		86,488632
15,020248		85,978630		-0,999997		86,478630
15,030249		85,968628		-0,999997		86,468628
15,040249		85,958626		-0,999997		86,458626
15,050249		85,948624		-0,999997		86,448624
15,060249		85,938622		-0,999997		86,438622
15,070250		85,928619		-0,999997		86,428619
15,080250		85,918617		-0,999997		86,418617
15,090250		85,908615		-0,999997		86,408615
15,100250		85,898613		-0,999997		86,398613
15,110250		85,888611		-0,999997		86,388611
15,120251		85,878609		-0,999997		86,378609
15,130251		85,868607		-0,999997		86,368607
15,140251		85,858604		-0,999997		86,358604
15,150251		85,848602		-0,999997		86,348602
15,160252		85,838600		-0,999997		86,338600
15,170252		85,828598		-0,999997		86,328598
15,180252		85,818596		-0,999997		86,318596
15,190252		85,808594		-0,999997		86,308594
15,200253		85,798592		-0,999997		86,298592
15,210253		85,788589		-0,999997		86,288589
15,220253		85,778587		-0,999997		86,278587
15,230253		85,768585		-0,999997		86,268585
15,240253		85,758583		-0,999997		86,258583
15,250254		85,748581		-0,999997		86,248581
15,260254		85,738579		-0,999997		86,238579
15,270254		85,728577		-0,999997		86,228577
15,280254		85,718575		-0,999997		86,218575
15,290255		85,708572		-0,999997		86,208572
15,300255		85,698570		-0,999997		86,198570
15,310255		85,688568		-0,999997		86,188568
15,320255		85,678566		-0,999997		86,178566
15,330256		85,668564		-0,999997		86,168564
15,340256		85,658562		-0,999997		86,158562
15,350256		85,648560		-0,999997		86,148560
15,360256		85,638557		-0,999997		86,138557
15,370256		85,628555		-0,999997		86,128555
15,380257		85,618553		-0,999997		86,118553
15,390257		85,608551		-0,999997		86,108551
15,400257		85,598549		-0,999997		86,098549
15,410257		85,588547		-0,999997		86,088547
15,420258		85,578545		-0,999997		86,078545
15,430258		85,568542		-0,999997		86,068542
15,440258		85,558540		-0,999997		86,058540
15,450258		85,548538		-0,999997		86,048538
15,460258		85,538536		-0,999997		86,038536
15,470259		85,528534		-0,999997		86,028534
15,480259		85,518532		-0,999997		86,018532
15,490259		85,508530		-0,999997		86,008530
15,500259		85,498528		-0,999997		85,998528
15,510260		85,488525		-0,999997		85,988525
15,520260		85,478523		-0,999997		85,978523
15,530260		85,468521		-0,999997		85,968521
15,540260		85,458519		-0,999997		85,958519
15,550261		85,448517		-0,999997		85,948517
15,560261		85,438515		-0,999997		85,938515
15,570261		85,428513		-0,999997		85,928513
15,580261		85,418510		-0,999997		85,918510
15,590261		85,408508		-0,999997		85,908508
15,600262		85,398506		-0,999997		85,898506
15,610262		85,388504		-0,999997		85,888504
15,620262		85,378502		-0,999997		85,878502
15,630262		85,368500		-0,999997		85,868500
15,640263		85,358498		-0,999997		85,858498
15,650263		85,348495		-0,999997		85,848495
15,660263		85,338493		-0,999997		85,838493
15,670263		85,328491		-0,999997		85,828491
15,680264		85,318489		-0,999997		85,818489
15,690264		85,308487		-0,999997		85,808487
15,700264		85,298485		-0,999997		85,798485
15,710264		85,288483		-0,999997		85,788483
15,720264		85,278481		-0,999997		85,778481
15,730265		85,268478		-0,999997		85,768478
15,740265		85,258476		-0,999997		85,758476
15,750265		85,248474		-0,999997		85,748474
15,760265		85,238472		-0,999997		85,738472
15,770266		85,228470		-0,999997		85,728470
15,780266		85,218468		-0,999997		85,718468
15,790266		85,208466		-0,999997		85,708466
15,800266		85,198463		-0,999997		85,698463
15,810266		85,188461		-0,999997		85,688461
15,820267		85,178459		-0,999997		85,678459
15,830267		85,168457		-0,999997		85,668457
15,840267		85,158455		-0,999997		85,658455
15,850267		85,148453		-0,999997		85,648453
15,860268		85,138451		-0,999997		85,638451
15,870268		85,128448		-0,999997		85,628448
15,880268		85,118446		-0,999997		85,618446
15,890268		85,108444		-0,999997		85,608444
15,900269		85,098442		-0,999997		85,598442
15,910269		85,088440		-0,999997		85,588440
15,920269		85,078438		-0,999997		85,578438
15,930269		85,068436		-0,999997		85,568436
15,940269		85,058434		-0,999997		85,558434
15,950270		85,048431		-0,999997		85,548431
15,960270		85,038429		-0,999997		85,538429
15,970270		85,028427		-0,999997		85,528427
15,980270		85,018425		-0,999997		85,518425
15,990271		85,008423		-0,999997		85,508423
16,000271		84,998421		-0,999997		85,498421
16,010271		84,988419		-0,999997		85,488419
16,020271		84,978416		-0,999997		85,478416
16,030272		84,968414		-0,999997		85,468414
16,040272		84,958412		-0,999997		85,458412
16,050272		84,948410		-0,999997		85,448410
16,060272		84,938408		-0,999997		85,438408
16,070272		84,928406		-0,999997		85,428406
16,080273		84,918404		-0,999997		85,418404
16,090273		84,908401		-0,999997		85,408401
16,100273		84,898399		-0,999997		85,398399
16,110273		84,888397		-0,999997		85,388397
16,120274		84,878395		-0,999997		85,378395
16,130274		84,868393		-0,999997		85,368393
16,140274		84,858391		-0,999997		85,358391
16,150274		84,848389		-0,999997		85,348389
16,160275		84,838387		-0,999997		85,338387
16,170275		84,828384		-0,999997		85,328384
16,180275		84,818382		-0,999997		85,318382
16,190275		84,808380		-0,999997		85,308380
16,200275		84,798378		-0,999997		85,298378
16,210276		84,788376		-0,999997		85,288376
16,220276		84,778374		-0,999997		85,278374
16,230276		84,768372		-0,999997		85,268372
16,240276		84,758369		-0,999997		85,258369
16,250277		84,748367		-0,999997		85,248367
16,260277		84,738365		-0,999997		85,238365
16,270277		84,728363		-0,999997		85,228363
16,280277		84,718361		-0,999997		85,218361
16,290277		84,708359		-0,999997		85,208359
16,300278		84,698357		-0,999997		85,198357
16,310278		84,688354		-0,999997		85,188354
16,320278		84,678352		-0,999997		85,178352
16,330278		84,668350		-0,999997		85,168350
16,340279		84,658348		-0,999997		85,158348
16,350279		84,648346		-0,999997		85,148346
16,360279		84,638344		-0,999997		85,138344
16,370279		84,628342		-0,999997		85,128342
16,380280		84,618340		-0,999997		85,118340
16,390280		84,608337		-0,999997		85,108337
16,400280		84,598335		-0,999997		85,098335
16,410280		84,588333		-0,999997		85,088333
16,420280		84,578331		-0,999997		85,078331
16,430281		84,568329		-0,999997		85,068329
16,440281		84,558327		-0,999997		85,058327
16,450281		84,548325		-0,999997		85,048325
16,460281		84,538322		-0,999997		85,038322
16,470282		84,528320		-0,999997		85,028320
16,480282		84,518318		-0,999997		85,018318
16,490282		84,508316		-0,999997		85,008316
16,500282		84,498314		-0,999997		84,998314
16,510283		84,488312		-0,999997		84,988312
16,520283		84,478310		-0,999997		84,978310
16,530283		84,468307		-0,999997		84,968307
16,540283		84,458305		-0,999997		84,958305
16,550283		84,448303		-0,999997		84,948303
16,560284		84,438301		-0,999997		84,938301
16,570284		84,428299		-0,999997		84,928299
16,580284		84,418297		-0,999997		84,918297
16,590284		84,408295		-0,999997		84,908295
16,600285		84,398293		-0,999997		84,898293
16,610285		84,388290		-0,999997		84,888290
16,620285		84,378288		-0,999997		84,878288
16,630285		84,368286		-0,999997		84,868286
16,640285		84,358284		-0,999997		84,858284
16,650286		84,348282		-0,999997		84,848282
16,660286		84,338280		-0,999997		84,838280
16,670286		84,328278		-0,999997		84,828278
16,680286		84,318275		-0,999997		84,818275
16,690287		84,308273		-0,999997		84,808273
16,700287		84,298271		-0,999997		84,798271
16,710287		84,288269		-0,999997		84,788269
16,720287		84,278267		-0,999997		84,778267
16,730288		84,268265		-0,999997		84,768265
16,740288		84,258263		-0,999997		84,758263
16,750288		84,248260		-0,999997		84,748260
16,760288		84,238258		-0,999997		84,738258
16,770288		84,228256		-0,999997		84,728256
16,780289		84,218254		-0,999997		84,718254
16,790289		84,208252		-0,999997		84,708252
16,800289		84,198250		-0,999997		84,698250
16,810289		84,188248		-0,999997		84,688248
16,820290		84,178246		-0,999997		84,678246
16,830290		84,168243		-0,999997		84,668243
16,840290		84,158241		-0,999997		84,658241
16,850290		84,148239		-0,999997		84,648239
16,860291		84,138237		-0,999997		84,638237
16,870291		84,128235		-0,999997		84,628235
16,880291		84,118233		-0,999997		84,618233
16,890291		84,108231		-0,999997		84,608231
16,900291		84,098228		-0,999997		84,598228
16,910292		84,088226		-0,999997		84,588226
16,920292		84,078224		-0,999997		84,578224
16,930292		84,068222		-0,999997		84,568222
16,940292		84,058220		-0,999997		84,558220
16,950293		84,048218		-0,999997		84,548218
16,960293		84,038216		-0,999997		84,538216
16,970293		84,028214		-0,999997		84,528214
16,980293		84,018211		-0,999997		84,518211
16,990294		84,008209		-0,999997		84,508209
17,000294		83,998207		-0,999997		84,498207
17,010294		83,988205		-0,999997		84,488205
17,020294		83,978203		-0,999997		84,478203
17,030294		83,968201		-0,999997		84,468201
17,040295		83,958199		-0,999997		84,458199
17,050295		83,948196		-0,999997		84,448196
17,060295		83,938194		-0,999997		84,438194
17,070295		83,928192		-0,999997		84,428192
17,080296		83,918190		-0,999997		84,418190
17,090296		83,908188		-0,999997		84,408188
17,100296		83,898186		-0,999997		84,398186
17,110296		83,888184		-0,999997		84,388184
17,120296		83,878181		-0,999997		84,378181
17,130297		83,868179		-0,999997		84,368179
17,140297		83,858177		-0,999997		84,358177
17,150297		83,848175		-0,999997		84,348175
17,160297		83,838173		-0,999997		84,338173
17,170298		83,828171		-0,999997		84,328171
17,180298		83,818169		-0,999997		84,318169
17,190298		83,808167		-0,999997		84,308167
17,200298		83,798164		-0,999997		84,298164
17,210299		83,788162		-0,999997		84,288162
17,220299		83,778160		-0,999997		84,278160
17,230299		83,768158		-0,999997		84,268158
17,240299		83,758156		-0,999997		84,258156
17,250299		83,748154		-0,999997		84,248154
17,260300		83,738152		-0,999997		84,238152
17,270300		83,728149		-0,999997		84,228149
17,280300		83,718147		-0,999997		84,218147
17,290300		83,708145		-0,999997		84,208145
17,300301		83,698143		-0,999997		84,198143
17,310301		83,688141		-0,999997		84,188141
17,320301		83,678139		-0,999997		84,178139
17,330301		83,668137		-0,999997		84,168137
17,340302		83,658134		-0,999997		84,158134
17,350302		83,648132		-0,999997		84,148132
17,360302		83,638130		-0,999997		84,138130
17,370302		83,628128		-0,999997		84,128128
17,380302		83,618126		-0,999997		84,118126
17,390303		83,608124		-0,999997		84,108124
17,400303		83,598122		-0,999997		84,098122
17,410303		83,588120		-0,999997		84,088120
17,420303		83,578117		-0,999997		84,078117
17,430304		83,568115		-0,999997		84,068115
17,440304		83,558113		-0,999997		84,058113
17,450304		83,548111		-0,999997		84,048111
17,460304		83,538109		-0,999997		84,038109
17,470304		83,528107		-0,999997		84,028107
17,480305		83,518105		-0,999997		84,018105
17,490305		83,508102		-0,999997		84,008102
17,500305		83,498100		-0,999997		83,998100
17,510305		83,488098		-0,999997		83,988098
17,520306		83,478096		-0,999997		83,978096
17,530306		83,468094		-0,999997		83,968094
17,540306		83,458092		-0,999997		83,958092
17,550306		83,448090		-0,999997		83,948090
17,560307		83,438087		-0,999997		83,938087
17,570307		83,428085		-0,999997		83,928085
17,580307		83,418083		-0,999997		83,918083
17,590307		83,408081		-0,999997		83,908081
17,600307		83,398079		-0,999997		83,898079
17,610308		83,388077		-0,999997		83,888077
17,620308		83,378075		-0,999997		83,878075
17,630308		83,368073		-0,999997		83,868073
17,640308		83,358070		-0,999997		83,858070
17,650309		83,348068		-0,999997		83,848068
17,660309		83,338066		-0,999997		83,838066
17,670309		83,328064		-0,999997		83,828064
17,680309		83,318062		-0,999997		83,818062
17,690310		83,308060		-0,999997		83,808060
17,700310		83,298058		-0,999997		83,798058
17,710310		83,288055		-0,999997		83,788055
17,720310		83,278053		-0,999997		83,778053
17,730310		83,268051		-0,999997		83,768051
17,740311		83,258049		-0,999997		83,758049
17,750311		83,248047		-0,999997		83,748047
17,760311		83,238045		-0,999997		83,738045
17,770311		83,228043		-0,999997		83,728043
17,780312		83,218040		-0,999997		83,718040
17,790312		83,208038		-0,999997		83,708038
17,800312		83,198036		-0,999997		83,698036
17,810312		83,188034		-0,999997		83,688034
17,820313		83,178032		-0,999997		83,678032
17,830313		83,168030		-0,999997		83,668030
17,840313		83,158028		-0,999997		83,658028
17,850313		83,148026		-0,999997		83,648026
17,860313		83,138023		-0,999997		83,638023
17,870314		83,128021		-0,999997		83,628021
17,880314		83,118019		-0,999997		83,618019
17,890314		83,108017		-0,999997		83,608017
17,900314		83,098015		-0,999997		83,598015
17,910315		83,088013		-0,999997		83,588013
17,920315		83,078011		-0,999997		83,578011
17,930315		83,068008		-0,999997		83,568008
17,940315		83,058006		-0,999997		83,558006
17,950315		83,048004		-0,999997		83,548004
17,960316		83,038002		-0,999997		83,538002
17,970316		83,028000		-0,999997		83,528000
17,980316		83,017998		-0,999997		83,517998
17,990316		83,007996		-0,999997		83,507996
18,000317		82,997993		-0,999997		83,497993
18,010317		82,987991		-0,999997		83,487991
18,020317		82,977989		-0,999997		83,477989
18,030317		82,967987		-0,999997		83,467987
18,040318		82,957985		-0,999997		83,457985
18,050318		82,947983		-0,999997		83,447983
18,060318		82,937981		-0,999997		83,437981
18,070318		82,927979		-0,999997		83,427979
18,080318		82,917976		-0,999997		83,417976
18,090319		82,907974		-0,999997		83,407974
18,100319		82,897972		-0,999997		83,397972
18,110319		82,887970		-0,999997		83,387970
18,120319		82,877968		-0,999997		83,377968
18,130320		82,867966		-0,999997		83,367966
18,140320		82,857964		-0,999997		83,357964
18,150320		82,847961		-0,999997		83,347961
18,160320		82,837959		-0,999997		83,337959
18,170321		82,827957		-0,999997		83,327957
18,180321		82,817955		-0,999997		83,317955
18,190321		82,807953		-0,999997		83,307953
18,200321		82,797951		-0,999997		83,297951
18,210321		82,787949		-0,999997		83,287949
18,220322		82,777946		-0,999997		83,277946
18,230322		82,767944		-0,999997		83,267944
18,240322		82,757942		-0,999997		83,257942
18,250322		82,747940		-0,999997		83,247940
18,260323		82,737938		-0,999997		83,237938
18,270323		82,727936		-0,999997		83,227936
18,280323		82,717934		-0,999997		83,217934
18,290323		82,707932		-0,999997		83,207932
18,300323		82,697929		-0,999997		83,197929
18,310324		82,687927		-0,999997		83,187927
18,320324		82,677925		-0,999997		83,177925
18,330324		82,667923		-0,999997		83,167923
18,340324		82,657921		-0,999997		83,157921
18,350325		82,647919		-0,999997		83,147919
18,360325		82,637917		-0,999997		83,137917
18,370325		82,627914		-0,999997		83,127914
18,380325		82,617912		-0,999997		83,117912
18,390326		82,607910		-0,999997		83,107910
18,400326		82,597908		-0,999997		83,097908
18,410326		82,587906		-0,999997		83,087906
18,420326		82,577904		-0,999997		83,077904
18,430326		82,567902		-0,999997		83,067902
18,440327		82,557899		-0,999997		83,057899
18,450327		82,547897		-0,999997		83,047897
18,460327		82,537895		-0,999997		83,037895
18,470327		82,527893		-0,999997		83,027893
18,480328		82,517891		-0,999997		83,017891
18,490328		82,507889		-0,999997		83,007889
18,500328		82,497887		-0,999997		82,997887
18,510328		82,487885		-0,999997		82,987885
18,520329		82,477882		-0,999997		82,977882
18,530329		82,467880		-0,999997		82,967880
18,540329		82,457878		-0,999997		82,957878
18,550329		82,447876		-0,999997		82,947876
18,560329		82,437874		-0,999997		82,937874
18,570330		82,427872		-0,999997		82,927872
18,580330		82,417870		-0,999997		82,917870
18,590330		82,407867		-0,999997		82,907867
18,600330		82,397865		-0,999997		82,897865
18,610331		82,387863		-0,999997		82,887863
18,620331		82,377861		-0,999997		82,877861
18,630331		82,367859		-0,999997		82,867859
18,640331		82,357857		-0,999997		82,857857
18,650331		82,347855		-0,999997		82,847855
18,660332		82,337852		-0,999997		82,837852
18,670332		82,327850		-0,999997		82,827850
18,680332		82,317848		-0,999997		82,817848
18,690332		82,307846		-0,999997		82,807846
18,700333		82,297844		-0,999997		82,797844
18,710333		82,287842		-0,999997		82,787842
18,720333		82,277840		-0,999997		82,777840
18,730333		82,267838		-0,999997		82,767838
18,740334		82,257835		-0,999997		82,757835
18,750334		82,247833		-0,999997		82,747833
18,760334		82,237831		-0,999997		82,737831
18,770334		82,227829		-0,999997		82,727829
18,780334		82,217827		-0,999997		82,717827
18,790335		82,207825		-0,999997		82,707825
18,800335		82,197823		-0,999997		82,697823
18,810335		82,187820		-0,999997		82,687820
18,820335		82,177818		-0,999997		82,677818
18,830336		82,167816		-0,999997		82,667816
18,840336		82,157814		-0,999997		82,657814
18,850336		82,147812		-0,999997		82,647812
18,860336		82,137810		-0,999997		82,637810
18,870337		82,127808		-0,999997		82,627808
18,880337		82,117805		-0,999997		82,617805
18,890337		82,107803		-0,999997		82,607803
18,900337		82,097801		-0,999997		82,597801
18,910337		82,087799		-0,999997		82,587799
18,920338		82,077797		-0,999997		82,577797
18,930338		82,067795		-0,999997		82,567795
18,940338		82,057793		-0,999997		82,557793
18,950338		82,047791		-0,999997		82,547791
18,960339		82,037788		-0,999997		82,537788
18,970339		82,027786		-0,999997		82,527786
18,980339		82,017784		-0,999997		82,517784
18,990339		82,007782		-0,999997		82,507782
19,000340		81,997780		-0,999997		82,497780
19,010340		81,987778		-0,999997		82,487778
19,020340		81,977776		-0,999997		82,477776
19,030340		81,967773		-0,999997		82,467773
19,040340		81,957771		-0,999997		82,457771
19,050341		81,947769		-0,999997		82,447769
19,060341		81,937767		-0,999997		82,437767
19,070341		81,927765		-0,999997		82,427765
19,080341		81,917763		-0,999997		82,417763
19,090342		81,907761		-0,999997		82,407761
19,100342		81,897758		-0,999997		82,397758
19,110342		81,887756		-0,999997		82,387756
19,120342		81,877754		-0,999997		82,377754
19,130342		81,867752		-0,999997		82,367752
19,140343		81,857750		-0,999997		82,357750
19,150343		81,847748		-0,999997		82,347748
19,160343		81,837746		-0,999997		82,337746
19,170343		81,827744		-0,999997		82,327744
19,180344		81,817741		-0,999997		82,317741
19,190344		81,807739		-0,999997		82,307739
19,200344		81,797737		-0,999997		82,297737
19,210344		81,787735		-0,999997		82,287735
19,220345		81,777733		-0,999997		82,277733
19,230345		81,767731		-0,999997		82,267731
19,240345		81,757729		-0,999997		82,257729
19,250345		81,747726		-0,999997		82,247726
19,260345		81,737724		-0,999997		82,237724
19,270346		81,727722		-0,999997		82,227722
19,280346		81,717720		-0,999997		82,217720
19,290346		81,707718		-0,999997		82,207718
19,300346		81,697716		-0,999997		82,197716
19,310347		81,687714		-0,999997		82,187714
19,320347		81,677711		-0,999997		82,177711
19,330347		81,667709		-0,999997		82,167709
19,340347		81,657707		-0,999997		82,157707
19,350348		81,647705		-0,999997		82,147705
19,360348		81,637703		-0,999997		82,137703
19,370348		81,627701		-0,999997		82,127701
19,380348		81,617699		-0,999997		82,117699
19,390348		81,607697		-0,999997		82,107697
19,400349		81,597694		-0,999997		82,097694
19,410349		81,587692		-0,999997		82,087692
19,420349		81,577690		-0,999997		82,077690
19,430349		81,567688		-0,999997		82,067688
19,440350		81,557686		-0,999997		82,057686
19,450350		81,547684		-0,999997		82,047684
19,460350		81,537682		-0,999997		82,037682
19,470350		81,527679		-0,999997		82,027679
19,480350		81,517677		-0,999997		82,017677
19,490351		81,507675		-0,999997		82,007675
19,500351		81,497673		-0,999997		81,997673
19,510351		81,487671		-0,999997		81,987671
19,520351		81,477669		-0,999997		81,977669
19,530352		81,467667		-0,999997		81,967667
19,540352		81,457664		-0,999997		81,957664
19,550352		81,447662		-0,999997		81,947662
19,560352		81,437660		-0,999997		81,937660
19,570353		81,427658		-0,999997		81,927658
19,580353		81,417656		-0,999997		81,917656
19,590353		81,407654		-0,999997		81,907654
19,600353		81,397652		-0,999997		81,897652
19,610353		81,387650		-0,999997		81,887650
19,620354		81,377647		-0,999997		81,877647
19,630354		81,367645		-0,999997		81,867645
19,640354		81,357643		-0,999997		81,857643
19,650354		81,347641		-0,999997		81,847641
19,660355		81,337639		-0,999997		81,837639
19,670355		81,327637		-0,999997		81,827637
19,680355		81,317635		-0,999997		81,817635
19,690355		81,307632		-0,999997		81,807632
19,700356		81,297630		-0,999997		81,797630
19,710356		81,287628		-0,999997		81,787628
19,720356		81,277626		-0,999997		81,777626
19,730356		81,267624		-0,999997		81,767624
19,740356		81,257622		-0,999997		81,757622
19,750357		81,247620		-0,999997		81,747620
19,760357		81,237617		-0,999997		81,737617
19,770357		81,227615		-0,999997		81,727615
19,780357		81,217613		-0,999997		81,717613
19,790358		81,207611		-0,999997		81,707611
19,800358		81,197609		-0,999997		81,697609
19,810358		81,187607		-0,999997		81,687607
19,820358		81,177605		-0,999997		81,677605
19,830359		81,167603		-0,999997		81,667603
19,840359		81,157600		-0,999997		81,657600
19,850359		81,147598		-0,999997		81,647598
19,860359		81,137596		-0,999997		81,637596
19,870359		81,127594		-0,999997		81,627594
19,880360		81,117592		-0,999997		81,617592
19,890360		81,107590		-0,999997		81,607590
19,900360		81,097588		-0,999997		81,597588
19,910360		81,087585		-0,999997		81,587585
19,920361		81,077583		-0,999997		81,577583
19,930361		81,067581		-0,999997		81,567581
19,940361		81,057579		-0,999997		81,557579
19,950361		81,047577		-0,999997		81,547577
19,960361		81,037575		-0,999997		81,537575
19,970362		81,027573		-0,999997		81,527573
19,980362		81,017570		-0,999997		81,517570
19,990362		81,007568		-0,999997		81,507568
20,000362		80,997566		-0,999997		81,497566
