0.000000 0.098420 
0.010000 0.171630 
0.020000 0.216226 
0.030000 0.212014 
0.040000 0.251258 
0.050000 0.169892 
0.060000 0.194045 
0.070000 0.115818 
0.080000 0.171738 
0.090000 0.177754 
0.100000 0.187804 
0.110000 0.193030 
0.120000 0.179259 
0.130000 0.184232 
0.140000 0.188734 
0.150000 0.161803 
0.160000 0.118877 
0.170000 0.177813 
0.180000 0.183298 
0.190000 0.271398 
0.200000 0.219116 
0.210000 0.252051 
0.220000 0.215926 
0.230000 0.214754 
0.240000 0.157887 
0.250000 0.186608 
0.260000 0.250860 
0.270000 0.275829 
0.280000 0.268740 
0.290000 0.268288 
0.300000 0.406331 
0.310000 0.240171 
0.320000 0.273888 
0.330000 0.254666 
0.340000 0.335292 
0.350000 0.307953 
0.360000 0.290932 
0.370000 0.355529 
0.380000 0.396091 
0.390000 0.233712 
0.400000 0.347944 
0.410000 0.323874 
0.420000 0.311156 
0.430000 0.326937 
0.440000 0.344993 
0.450000 0.402245 
0.460000 0.421964 
0.470000 0.238710 
0.480000 0.268045 
0.490000 0.270575 
0.500000 0.255415 
0.510000 0.289798 
0.520000 0.399848 
0.530000 0.311104 
0.540000 0.252886 
0.550000 0.237649 
0.560000 0.277536 
0.570000 0.227343 
0.580000 0.318549 
0.590000 0.272271 
0.600000 0.306470 
0.610000 0.311796 
0.620000 0.257199 
0.630000 0.325143 
0.640000 0.258480 
0.650000 0.192618 
0.660000 0.294049 
0.670000 0.429907 
0.680000 0.286682 
0.690000 0.495154 
0.700000 0.289775 
0.710000 0.253820 
0.720000 0.340805 
0.730000 0.339187 
0.740000 0.332114 
0.750000 0.441666 
0.760000 0.263296 
0.770000 0.267642 
0.780000 0.263207 
0.790000 0.332423 
0.800000 0.237852 
0.810000 0.399689 
0.820000 0.266002 
0.830000 0.246617 
0.840000 0.340211 
0.850000 0.238157 
0.860000 0.315324 
0.870000 0.400695 
0.880000 0.407250 
0.890000 0.352337 
0.900000 0.371217 
0.910000 0.338882 
0.920000 0.329459 
0.930000 0.336703 
0.940000 0.310558 
0.950000 0.340850 
0.960000 0.362508 
0.970000 0.225782 
0.980000 0.385752 
0.990000 0.287729 
2.000000 0.257433 
4.000000 0.407552 
6.000000 0.345307 
8.000000 0.315121 
10.000000 0.376628 
12.000000 0.311024 
14.000000 0.220527 
16.000000 0.235061 
18.000000 0.279092 
20.000000 0.477702 
22.000000 0.332162 
24.000000 0.371981 
26.000000 0.364021 
28.000000 0.409781 
30.000000 0.419628 
32.000000 0.344884 
34.000000 0.338288 
36.000000 0.269430 
38.000000 0.475895 
40.000000 0.374934 
42.000000 0.482862 
44.000000 0.416894 
46.000000 0.513446 
48.000000 0.374144 
50.000000 0.328707 
52.000000 0.511239 
54.000000 0.509308 
56.000000 0.293033 
58.000000 0.378163 
60.000000 0.299733 
62.000000 0.411711 
64.000000 0.353170 
66.000000 0.299043 
68.000000 0.333531 
70.000000 0.396077 
72.000000 0.224568 
74.000000 0.371786 
76.000000 0.344911 
78.000000 0.585768 
80.000000 0.310357 
82.000000 0.420724 
84.000000 0.483423 
86.000000 0.403967 
88.000000 0.335886 
90.000000 0.442691 
92.000000 0.412209 
94.000000 0.212354 
96.000000 0.365815 
98.000000 0.291039 
