0.000000	4.631674	5.000000
0.010000	5.028465	5.000000
0.020000	5.511890	5.000000
0.030000	4.771809	5.000000
0.040000	4.461227	5.000000
0.050000	5.088929	5.000000
0.060000	5.181980	5.000000
0.070000	5.070754	5.000000
0.080000	4.081339	5.000000
0.090000	5.301070	5.000000
0.100000	5.012277	5.000000
0.110000	4.351848	5.000000
0.120000	6.049382	5.000000
0.130000	4.601206	5.000000
0.140000	5.067091	5.000000
0.150000	4.617293	5.000000
0.160000	4.851877	5.000000
0.170000	5.399340	5.000000
0.180000	4.977967	5.000000
0.190000	5.765739	5.000000
0.200000	6.315952	5.000000
0.210000	4.970456	5.000000
0.220000	5.025622	5.000000
0.230000	5.424080	5.000000
0.240000	4.954667	5.000000
0.250000	4.707696	5.000000
0.260000	4.658620	5.000000
0.270000	5.575524	5.000000
0.280000	3.835909	5.000000
0.290000	4.681455	5.000000
0.300000	4.240264	5.000000
0.310000	4.613437	5.000000
0.320000	5.994790	5.000000
0.330000	5.097021	5.000000
0.340000	5.310906	5.000000
0.350000	5.502924	5.000000
0.360000	5.192188	5.000000
0.370000	5.477045	5.000000
0.380000	5.629340	5.000000
0.390000	6.550758	5.000000
0.400000	5.533755	5.000000
0.410000	5.479193	5.000000
0.420000	4.537164	5.000000
0.430000	4.927498	5.000000
0.440000	5.335977	5.000000
0.450000	4.283377	5.000000
0.460000	4.620900	5.000000
0.470000	4.996664	5.000000
0.480000	4.900365	5.000000
0.490000	3.866086	5.000000
0.500000	4.699851	5.000000
0.510000	5.482291	5.000000
0.520000	5.475227	5.000000
0.530000	4.505511	5.000000
0.540000	4.785363	5.000000
0.550000	4.427152	5.000000
0.560000	4.704180	5.000000
0.570000	5.000680	5.000000
0.580000	4.863437	5.000000
0.590000	5.348375	5.000000
0.600000	4.896573	5.000000
0.610000	5.127738	5.000000
0.620000	5.264496	5.000000
0.630000	4.935432	5.000000
0.640000	5.456554	5.000000
0.650000	5.753710	5.000000
0.660000	5.198040	5.000000
0.670000	4.750885	5.000000
0.680000	4.370295	5.000000
0.690000	5.688114	5.000000
0.700000	5.418874	5.000000
0.710000	4.351586	5.000000
0.720000	5.848644	5.000000
0.730000	6.468465	5.000000
0.740000	5.640418	5.000000
0.750000	4.920234	5.000000
0.760000	5.824137	5.000000
0.770000	5.458105	5.000000
0.780000	5.412336	5.000000
0.790000	5.825242	5.000000
0.800000	5.749431	5.000000
0.810000	5.347303	5.000000
0.820000	4.938387	5.000000
0.830000	5.041842	5.000000
0.840000	4.979279	5.000000
0.850000	5.919265	5.000000
0.860000	5.759128	5.000000
0.870000	4.435349	5.000000
0.880000	4.758549	5.000000
0.890000	4.566695	5.000000
0.900000	6.184995	5.000000
0.910000	4.709362	5.000000
0.920000	4.044956	5.000000
0.930000	4.857938	5.000000
0.940000	4.897623	5.000000
0.950000	4.714354	5.000000
0.960000	4.563811	5.000000
0.970000	4.823237	5.000000
0.980000	5.075537	5.000000
0.990000	5.056868	5.000000
1.000000	6.384541	5.000000
1.010000	5.381268	5.000000
1.020000	4.849183	5.000000
1.030000	5.066671	5.000000
1.040000	5.640091	5.000000
1.050000	4.783997	5.000000
1.060000	5.852261	5.000000
1.070000	6.028835	5.000000
1.080000	5.547018	5.000000
1.090000	5.312006	5.000000
1.100000	5.271932	5.000000
1.110000	5.701972	5.000000
1.120000	4.505278	5.000000
1.130000	4.730212	5.000000
1.140000	5.096022	5.000000
1.150000	5.014267	5.000000
1.160000	5.627777	5.000000
1.170000	5.023172	5.000000
1.180000	4.852376	5.000000
1.190000	5.900334	5.000000
1.200000	5.345481	5.000000
1.210000	5.835890	5.000000
1.220000	5.264507	5.000000
1.230000	5.188981	5.000000
1.240000	4.374005	5.000000
1.250000	5.765162	5.000000
1.260000	5.291569	5.000000
1.270000	5.059664	5.000000
1.280000	4.447567	5.000000
1.290000	4.424331	5.000000
1.300000	4.847446	5.000000
1.310000	4.433727	5.000000
1.320000	5.079491	5.000000
1.330000	4.464285	5.000000
1.340000	4.103599	5.000000
1.350000	4.812610	5.000000
1.360000	5.389336	5.000000
1.370000	5.336483	5.000000
1.380000	4.930715	5.000000
1.390000	4.479688	5.000000
1.400000	5.787435	5.000000
1.410000	4.387976	5.000000
1.420000	4.472266	5.000000
1.430000	4.333320	5.000000
1.440000	4.485837	5.000000
1.450000	5.783426	5.000000
1.460000	4.659945	5.000000
1.470000	4.980209	5.000000
1.480000	5.432305	5.000000
1.490000	5.511391	5.000000
1.500000	5.999909	5.000000
1.510000	5.942777	5.000000
1.520000	4.423297	5.000000
1.530000	4.931006	5.000000
1.540000	4.636465	5.000000
1.550000	5.036012	5.000000
1.560000	4.472316	5.000000
1.570000	4.926210	5.000000
1.580000	5.754754	5.000000
1.590000	5.848864	5.000000
1.600000	5.079923	5.000000
1.610000	5.221990	5.000000
1.620000	5.306880	5.000000
1.630000	5.601454	5.000000
1.640000	5.930836	5.000000
1.650000	5.401439	5.000000
1.660000	4.535367	5.000000
1.670000	4.876870	5.000000
1.680000	5.150933	5.000000
1.690000	5.881234	5.000000
1.700000	4.989994	5.000000
1.710000	5.250902	5.000000
1.720000	5.201017	5.000000
1.730000	4.751246	5.000000
1.740000	5.743641	5.000000
1.750000	6.071940	5.000000
1.760000	4.464241	5.000000
1.770000	4.831739	5.000000
1.780000	4.734382	5.000000
1.790000	5.096023	5.000000
1.800000	5.347588	5.000000
1.810000	4.311680	5.000000
1.820000	5.048074	5.000000
1.830000	5.331462	5.000000
1.840000	4.971566	5.000000
1.850000	4.569050	5.000000
1.860000	6.027993	5.000000
1.870000	4.640976	5.000000
1.880000	4.572711	5.000000
1.890000	5.053646	5.000000
1.900000	5.565659	5.000000
1.910000	4.519741	5.000000
1.920000	4.970066	5.000000
1.930000	5.957720	5.000000
1.940000	5.589305	5.000000
1.950000	4.727752	5.000000
1.960000	6.199433	5.000000
1.970000	5.449025	5.000000
1.980000	4.546201	5.000000
1.990000	4.527003	5.000000
2.000000	4.781566	5.000000
2.010000	4.878521	5.000000
2.020000	5.730877	5.000000
2.030000	5.747353	5.000000
2.040000	4.926291	5.000000
2.050000	4.260689	5.000000
2.060000	5.182560	5.000000
2.070000	4.534792	5.000000
2.080000	5.605178	5.000000
2.090000	6.093664	5.000000
2.100000	5.188323	5.000000
2.110000	4.797729	5.000000
2.120000	5.440017	5.000000
2.130000	4.900497	5.000000
2.140000	4.491962	5.000000
2.150000	5.263165	5.000000
2.160000	4.435698	5.000000
2.170000	5.251229	5.000000
2.180000	3.908312	5.000000
2.190000	4.649487	5.000000
2.200000	5.907997	5.000000
2.210000	5.144798	5.000000
2.220000	5.085731	5.000000
2.230000	4.975559	5.000000
2.240000	5.638931	5.000000
2.250000	5.316069	5.000000
2.260000	5.918651	5.000000
2.270000	4.491212	5.000000
2.280000	4.451654	5.000000
2.290000	4.786335	5.000000
2.300000	5.492024	5.000000
2.310000	5.222441	5.000000
2.320000	5.750561	5.000000
2.330000	4.715263	5.000000
2.340000	5.310682	5.000000
2.350000	4.047562	5.000000
2.360000	4.579621	5.000000
2.370000	4.566543	5.000000
2.380000	5.165785	5.000000
2.390000	4.770391	5.000000
2.400000	4.827140	5.000000
2.410000	4.585824	5.000000
2.420000	6.454594	5.000000
2.430000	5.619674	5.000000
2.440000	5.291223	5.000000
2.450000	5.862155	5.000000
2.460000	5.033879	5.000000
2.470000	5.907324	5.000000
2.480000	5.535064	5.000000
2.490000	5.112317	5.000000
2.500000	5.855826	5.000000
2.510000	4.877073	5.000000
2.520000	5.460106	5.000000
2.530000	4.707622	5.000000
2.540000	4.632966	5.000000
2.550000	5.013916	5.000000
2.560000	5.066330	5.000000
2.570000	5.312651	5.000000
2.580000	4.485330	5.000000
2.590000	5.455932	5.000000
2.600000	4.944779	5.000000
2.610000	4.692616	5.000000
2.620000	5.235941	5.000000
2.630000	6.107212	5.000000
2.640000	4.779297	5.000000
2.650000	5.316426	5.000000
2.660000	5.730958	5.000000
2.670000	5.617527	5.000000
2.680000	4.873358	5.000000
2.690000	5.718827	5.000000
2.700000	5.186622	5.000000
2.710000	5.914756	5.000000
2.720000	4.352356	5.000000
2.730000	4.686460	5.000000
2.740000	4.740535	5.000000
2.750000	4.481445	5.000000
2.760000	4.441027	5.000000
2.770000	4.743368	5.000000
2.780000	5.327460	5.000000
2.790000	5.176254	5.000000
2.800000	4.692072	5.000000
2.810000	5.362218	5.000000
2.820000	4.470034	5.000000
2.830000	5.115394	5.000000
2.840000	4.349441	5.000000
2.850000	5.414277	5.000000
2.860000	5.534592	5.000000
2.870000	6.005436	5.000000
2.880000	5.341790	5.000000
2.890000	5.631321	5.000000
2.900000	5.481159	5.000000
2.910000	4.641176	5.000000
2.920000	5.819697	5.000000
2.930000	4.971478	5.000000
2.940000	3.973309	5.000000
2.950000	5.583550	5.000000
2.960000	5.800268	5.000000
2.970000	4.406293	5.000000
2.980000	5.498214	5.000000
2.990000	5.499659	5.000000
3.000000	5.996165	5.000000
3.010000	5.332403	5.000000
3.020000	4.729183	5.000000
3.030000	4.741014	5.000000
3.040000	4.949337	5.000000
3.050000	4.739308	5.000000
3.060000	5.051317	5.000000
3.070000	4.392146	5.000000
3.080000	4.359460	5.000000
3.090000	5.453199	5.000000
3.100000	5.164977	5.000000
3.110000	5.329332	5.000000
3.120000	5.001975	5.000000
3.130000	3.925035	5.000000
3.140000	5.402188	5.000000
3.150000	5.218313	5.000000
3.160000	4.115339	5.000000
3.170000	5.374090	5.000000
3.180000	5.321523	5.000000
3.190000	5.260683	5.000000
3.200000	4.453768	5.000000
3.210000	5.199409	5.000000
3.220000	4.175309	5.000000
3.230000	5.282445	5.000000
3.240000	4.700892	5.000000
3.250000	4.648053	5.000000
3.260000	5.460987	5.000000
3.270000	6.151126	5.000000
3.280000	4.801010	5.000000
3.290000	5.452632	5.000000
3.300000	6.194233	5.000000
3.310000	4.701378	5.000000
3.320000	5.231142	5.000000
3.330000	4.905211	5.000000
3.340000	5.373533	5.000000
3.350000	5.000731	5.000000
3.360000	3.897951	5.000000
3.370000	4.710413	5.000000
3.380000	4.361884	5.000000
3.390000	4.674856	5.000000
3.400000	5.389851	5.000000
3.410000	5.460602	5.000000
3.420000	4.817296	5.000000
3.430000	6.027331	5.000000
3.440000	5.428027	5.000000
3.450000	4.742014	5.000000
3.460000	4.709500	5.000000
3.470000	5.204925	5.000000
3.480000	5.488930	5.000000
3.490000	5.160854	5.000000
3.500000	4.489606	5.000000
3.510000	4.439990	5.000000
3.520000	5.148971	5.000000
3.530000	4.570397	5.000000
3.540000	4.415962	5.000000
3.550000	5.897990	5.000000
3.560000	4.501689	5.000000
3.570000	4.645690	5.000000
3.580000	4.380694	5.000000
3.590000	4.700855	5.000000
3.600000	4.618042	5.000000
3.610000	4.849197	5.000000
3.620000	5.053271	5.000000
3.630000	5.521260	5.000000
3.640000	4.707639	5.000000
3.650000	5.567300	5.000000
3.660000	4.720736	5.000000
3.670000	5.186563	5.000000
3.680000	5.531609	5.000000
3.690000	5.685370	5.000000
3.700000	6.351188	5.000000
3.710000	5.733421	5.000000
3.720000	5.203139	5.000000
3.730000	4.126656	5.000000
3.740000	5.673435	5.000000
3.750000	5.393349	5.000000
3.760000	5.403144	5.000000
3.770000	4.247941	5.000000
3.780000	4.244367	5.000000
3.790000	4.231654	5.000000
3.800000	5.127238	5.000000
3.810000	5.476752	5.000000
3.820000	5.249233	5.000000
3.830000	5.218041	5.000000
3.840000	5.295355	5.000000
3.850000	4.826727	5.000000
3.860000	4.512411	5.000000
3.870000	4.957248	5.000000
3.880000	4.623878	5.000000
3.890000	4.495044	5.000000
3.900000	5.384250	5.000000
3.910000	4.291966	5.000000
3.920000	5.084468	5.000000
3.930000	5.011891	5.000000
3.940000	4.480769	5.000000
3.950000	4.384197	5.000000
3.960000	4.612696	5.000000
3.970000	5.433028	5.000000
3.980000	5.023057	5.000000
3.990000	4.913795	5.000000
4.000000	4.645799	5.000000
4.010000	4.566614	5.000000
4.020000	4.189396	5.000000
4.030000	5.367065	5.000000
4.040000	5.325584	5.000000
4.050000	6.377970	5.000000
4.060000	5.373317	5.000000
4.070000	5.312283	5.000000
4.080000	5.258171	5.000000
4.090000	5.332527	5.000000
4.100000	4.386620	5.000000
4.110000	4.716024	5.000000
4.120000	4.171243	5.000000
4.130000	4.615473	5.000000
4.140000	4.782453	5.000000
4.150000	4.192144	5.000000
4.160000	5.530125	5.000000
4.170000	5.318328	5.000000
4.180000	5.680193	5.000000
4.190000	5.763476	5.000000
4.200000	5.139654	5.000000
4.210000	5.325327	5.000000
4.220000	4.779003	5.000000
4.230000	4.405544	5.000000
4.240000	5.374057	5.000000
4.250000	5.865696	5.000000
4.260000	4.580998	5.000000
4.270000	4.819768	5.000000
4.280000	5.783070	5.000000
4.290000	4.177894	5.000000
4.300000	4.813647	5.000000
4.310000	6.419943	5.000000
4.320000	4.562497	5.000000
4.330000	4.677837	5.000000
4.340000	4.540285	5.000000
4.350000	4.318455	5.000000
4.360000	4.822515	5.000000
4.370000	5.871643	5.000000
4.380000	4.845249	5.000000
4.390000	4.782571	5.000000
4.400000	5.007882	5.000000
4.410000	4.789558	5.000000
4.420000	5.348182	5.000000
4.430000	4.285695	5.000000
4.440000	4.371266	5.000000
4.450000	5.145636	5.000000
4.460000	4.457857	5.000000
4.470000	5.499191	5.000000
4.480000	5.305531	5.000000
4.490000	5.361160	5.000000
4.500000	4.534593	5.000000
4.510000	4.820586	5.000000
4.520000	4.729927	5.000000
4.530000	5.992371	5.000000
4.540000	5.168416	5.000000
4.550000	5.647125	5.000000
4.560000	5.330661	5.000000
4.570000	4.676117	5.000000
4.580000	5.568444	5.000000
4.590000	4.941373	5.000000
4.600000	4.939419	5.000000
4.610000	4.565043	5.000000
4.620000	4.489604	5.000000
4.630000	4.850633	5.000000
4.640000	4.909434	5.000000
4.650000	5.673308	5.000000
4.660000	5.007715	5.000000
4.670000	5.278100	5.000000
4.680000	4.780115	5.000000
4.690000	4.875678	5.000000
4.700000	5.685924	5.000000
4.710000	4.841113	5.000000
4.720000	4.783384	5.000000
4.730000	5.288403	5.000000
4.740000	3.850671	5.000000
4.750000	4.657364	5.000000
4.760000	5.319591	5.000000
4.770000	4.560756	5.000000
4.780000	5.951292	5.000000
4.790000	5.168448	5.000000
4.800000	5.104763	5.000000
4.810000	5.118041	5.000000
4.820000	5.222583	5.000000
4.830000	5.695604	5.000000
4.840000	5.534947	5.000000
4.850000	5.123031	5.000000
4.860000	5.448208	5.000000
4.870000	4.953206	5.000000
4.880000	5.547105	5.000000
4.890000	4.484153	5.000000
4.900000	4.930264	5.000000
4.910000	4.976090	5.000000
4.920000	5.674037	5.000000
4.930000	5.305189	5.000000
4.940000	5.018779	5.000000
4.950000	5.726049	5.000000
4.960000	5.271482	5.000000
4.970000	5.486011	5.000000
4.980000	4.533988	5.000000
4.990000	5.127706	5.000000
5.000000	4.952093	5.000000
5.010000	4.059368	5.000000
5.020000	5.302670	5.000000
5.030000	4.697595	5.000000
5.040000	5.442645	5.000000
5.050000	4.744658	5.000000
5.060000	5.407772	5.000000
5.070000	4.893257	5.000000
5.080000	5.186439	5.000000
5.090000	4.794652	5.000000
5.100000	5.066902	5.000000
5.110000	4.266451	5.000000
5.120000	4.827410	5.000000
5.130000	4.911233	5.000000
5.140000	5.622471	5.000000
5.150000	6.087658	5.000000
5.160000	5.006411	5.000000
5.170000	4.754688	5.000000
5.180000	4.642017	5.000000
5.190000	5.688702	5.000000
5.200000	5.585353	5.000000
5.210000	5.004983	5.000000
5.220000	4.564256	5.000000
5.230000	5.019225	5.000000
5.240000	4.959520	5.000000
5.250000	4.959950	5.000000
5.260000	5.880954	5.000000
5.270000	5.089234	5.000000
5.280000	4.528539	5.000000
5.290000	4.594352	5.000000
5.300000	5.908539	5.000000
5.310000	4.357454	5.000000
5.320000	5.367514	5.000000
5.330000	4.703247	5.000000
5.340000	4.390945	5.000000
5.350000	5.278118	5.000000
5.360000	5.086507	5.000000
5.370000	5.587050	5.000000
5.380000	5.610828	5.000000
5.390000	5.664107	5.000000
5.400000	5.678806	5.000000
5.410000	5.580538	5.000000
5.420000	4.979917	5.000000
5.430000	6.270961	5.000000
5.440000	5.029935	5.000000
5.450000	4.829007	5.000000
5.460000	5.140393	5.000000
5.470000	5.223595	5.000000
5.480000	6.349182	5.000000
5.490000	5.378135	5.000000
5.500000	5.608238	5.000000
5.510000	4.684937	5.000000
5.520000	5.128534	5.000000
5.530000	5.350599	5.000000
5.540000	4.801245	5.000000
5.550000	4.223057	5.000000
5.560000	4.618253	5.000000
5.570000	4.989939	5.000000
5.580000	5.047403	5.000000
5.590000	4.897829	5.000000
5.600000	5.883399	5.000000
5.610000	4.645951	5.000000
5.620000	4.281269	5.000000
5.630000	4.960342	5.000000
5.640000	5.699918	5.000000
5.650000	4.862589	5.000000
5.660000	4.763962	5.000000
5.670000	6.028781	5.000000
5.680000	5.039125	5.000000
5.690000	5.207864	5.000000
5.700000	5.552425	5.000000
5.710000	5.301598	5.000000
5.720000	5.050712	5.000000
5.730000	5.025743	5.000000
5.740000	5.037616	5.000000
5.750000	5.668173	5.000000
5.760000	5.115049	5.000000
5.770000	4.405011	5.000000
5.780000	4.615893	5.000000
5.790000	4.909592	5.000000
5.800000	4.984985	5.000000
5.810000	4.952385	5.000000
5.820000	5.349680	5.000000
5.830000	4.677071	5.000000
5.840000	5.180137	5.000000
5.850000	5.007216	5.000000
5.860000	5.161908	5.000000
5.870000	5.764793	5.000000
5.880000	5.002635	5.000000
5.890000	4.524154	5.000000
5.900000	5.509704	5.000000
5.910000	4.652469	5.000000
5.920000	5.361066	5.000000
5.930000	5.369617	5.000000
5.940000	5.147352	5.000000
5.950000	5.237136	5.000000
5.960000	4.744243	5.000000
5.970000	4.755752	5.000000
5.980000	5.256382	5.000000
5.990000	5.138053	5.000000
6.000000	5.936945	5.000000
6.010000	5.971541	5.000000
6.020000	4.932142	5.000000
6.030000	4.740851	5.000000
6.040000	4.706446	5.000000
6.050000	4.543388	5.000000
6.060000	5.419995	5.000000
6.070000	4.755947	5.000000
6.080000	4.968117	5.000000
6.090000	5.097653	5.000000
6.100000	4.721428	5.000000
6.110000	4.591101	5.000000
6.120000	5.796496	5.000000
6.130000	5.294345	5.000000
6.140000	4.888767	5.000000
6.150000	4.744218	5.000000
6.160000	5.349408	5.000000
6.170000	5.337962	5.000000
6.180000	4.826449	5.000000
6.190000	5.727451	5.000000
6.200000	5.169789	5.000000
6.210000	4.920558	5.000000
6.220000	4.164709	5.000000
6.230000	5.620946	5.000000
6.240000	5.114812	5.000000
6.250000	5.576418	5.000000
6.260000	5.542900	5.000000
6.270000	5.195177	5.000000
6.280000	4.965763	5.000000
6.290000	4.702206	5.000000
6.300000	4.500091	5.000000
6.310000	4.763857	5.000000
6.320000	5.660729	5.000000
6.330000	5.446431	5.000000
6.340000	5.807088	5.000000
6.350000	4.997359	5.000000
6.360000	4.814998	5.000000
6.370000	3.847117	5.000000
6.380000	5.363137	5.000000
6.390000	6.311246	5.000000
6.400000	4.833786	5.000000
6.410000	4.847676	5.000000
6.420000	5.639201	5.000000
6.430000	4.349883	5.000000
6.440000	5.501950	5.000000
6.450000	4.627062	5.000000
6.460000	5.509610	5.000000
6.470000	5.521965	5.000000
6.480000	5.222827	5.000000
6.490000	4.643452	5.000000
6.500000	5.765127	5.000000
6.510000	5.397617	5.000000
6.520000	5.283561	5.000000
6.530000	4.608224	5.000000
6.540000	4.858276	5.000000
6.550000	5.148038	5.000000
6.560000	5.426744	5.000000
6.570000	5.703969	5.000000
6.580000	4.936358	5.000000
6.590000	5.896476	5.000000
6.600000	5.121363	5.000000
6.610000	4.987207	5.000000
6.620000	5.268988	5.000000
6.630000	5.316069	5.000000
6.640000	4.836831	5.000000
6.650000	4.290794	5.000000
6.660000	4.977092	5.000000
6.670000	4.985096	5.000000
6.680000	6.010454	5.000000
6.690000	5.264266	5.000000
6.700000	4.680847	5.000000
6.710000	5.404310	5.000000
6.720000	4.653554	5.000000
6.730000	4.289393	5.000000
6.740000	5.515876	5.000000
6.750000	5.200984	5.000000
6.760000	4.834277	5.000000
6.770000	4.793397	5.000000
6.780000	4.845338	5.000000
6.790000	5.010411	5.000000
6.800000	4.441270	5.000000
6.810000	5.311608	5.000000
6.820000	5.258772	5.000000
6.830000	5.373444	5.000000
6.840000	6.708774	5.000000
6.850000	5.103774	5.000000
6.860000	4.100309	5.000000
6.870000	5.193417	5.000000
6.880000	5.203740	5.000000
6.890000	5.661096	5.000000
6.900000	5.837656	5.000000
6.910000	4.529165	5.000000
6.920000	4.314271	5.000000
6.930000	5.333008	5.000000
6.940000	5.133492	5.000000
6.950000	4.600466	5.000000
6.960000	4.935420	5.000000
6.970000	5.157102	5.000000
6.980000	5.299768	5.000000
6.990000	4.347933	5.000000
7.000000	5.922525	5.000000
7.010000	5.550743	5.000000
7.020000	5.200158	5.000000
7.030000	5.246924	5.000000
7.040000	5.401203	5.000000
7.050000	5.522300	5.000000
7.060000	3.958277	5.000000
7.070000	4.800125	5.000000
7.080000	6.363124	5.000000
7.090000	4.714094	5.000000
7.100000	5.373753	5.000000
7.110000	5.190682	5.000000
7.120000	4.674528	5.000000
7.130000	5.640602	5.000000
7.140000	4.655314	5.000000
7.150000	4.741121	5.000000
7.160000	5.908627	5.000000
7.170000	4.915469	5.000000
7.180000	4.305680	5.000000
7.190000	5.127801	5.000000
7.200000	4.512478	5.000000
7.210000	4.963984	5.000000
7.220000	4.653318	5.000000
7.230000	4.928700	5.000000
7.240000	4.584991	5.000000
7.250000	6.289625	5.000000
7.260000	4.006747	5.000000
7.270000	5.102404	5.000000
7.280000	4.569437	5.000000
7.290000	5.130574	5.000000
7.300000	5.540300	5.000000
7.310000	4.427331	5.000000
7.320000	4.683922	5.000000
7.330000	4.592661	5.000000
7.340000	5.402301	5.000000
7.350000	4.497687	5.000000
7.360000	5.914080	5.000000
7.370000	5.816921	5.000000
7.380000	4.713410	5.000000
7.390000	6.256776	5.000000
7.400000	5.930122	5.000000
7.410000	5.386492	5.000000
7.420000	4.860982	5.000000
7.430000	5.666721	5.000000
7.440000	5.076266	5.000000
7.450000	5.455534	5.000000
7.460000	3.950373	5.000000
7.470000	5.090306	5.000000
7.480000	4.488970	5.000000
7.490000	5.261291	5.000000
7.500000	5.027324	5.000000
7.510000	5.476140	5.000000
7.520000	5.625290	5.000000
7.530000	3.898676	5.000000
7.540000	4.760314	5.000000
7.550000	6.246594	5.000000
7.560000	5.878539	5.000000
7.570000	5.142547	5.000000
7.580000	4.901012	5.000000
7.590000	4.680123	5.000000
7.600000	5.836843	5.000000
7.610000	5.522221	5.000000
7.620000	4.334371	5.000000
7.630000	4.569940	5.000000
7.640000	4.467992	5.000000
7.650000	5.175990	5.000000
7.660000	4.876153	5.000000
7.670000	4.767892	5.000000
7.680000	4.981663	5.000000
7.690000	4.550392	5.000000
7.700000	5.160629	5.000000
7.710000	4.989265	5.000000
7.720000	4.683031	5.000000
7.730000	4.203470	5.000000
7.740000	4.880261	5.000000
7.750000	5.734452	5.000000
7.760000	5.173079	5.000000
7.770000	5.142047	5.000000
7.780000	4.488543	5.000000
7.790000	5.761377	5.000000
7.800000	5.732399	5.000000
7.810000	5.304429	5.000000
7.820000	4.238660	5.000000
7.830000	5.215645	5.000000
7.840000	5.480863	5.000000
7.850000	4.249548	5.000000
7.860000	4.700922	5.000000
7.870000	4.755245	5.000000
7.880000	4.662040	5.000000
7.890000	5.099686	5.000000
7.900000	5.506920	5.000000
7.910000	5.274069	5.000000
7.920000	5.250009	5.000000
7.930000	5.442102	5.000000
7.940000	4.577478	5.000000
7.950000	5.447073	5.000000
7.960000	5.500598	5.000000
7.970000	6.308579	5.000000
7.980000	5.669666	5.000000
7.990000	4.047182	5.000000
8.000000	5.041535	5.000000
8.010000	5.416501	5.000000
8.020000	5.012065	5.000000
8.030000	5.504935	5.000000
8.040000	4.189950	5.000000
8.050000	5.490373	5.000000
8.060000	5.281467	5.000000
8.070000	5.655218	5.000000
8.080000	5.310156	5.000000
8.090000	5.418691	5.000000
8.100000	5.114603	5.000000
8.110000	4.512079	5.000000
8.120000	4.613999	5.000000
8.130000	4.716386	5.000000
8.140000	4.696398	5.000000
8.150000	4.176699	5.000000
8.160000	4.608286	5.000000
8.170000	4.890783	5.000000
8.180000	4.820778	5.000000
8.190000	5.113949	5.000000
8.200000	5.826016	5.000000
8.210000	4.677641	5.000000
8.220000	5.655249	5.000000
8.230000	5.917404	5.000000
8.240000	4.762635	5.000000
8.250000	5.141949	5.000000
8.260000	4.720015	5.000000
8.270000	4.913289	5.000000
8.280000	5.327212	5.000000
8.290000	5.190125	5.000000
8.300000	4.695332	5.000000
8.310000	4.966016	5.000000
8.320000	4.696866	5.000000
8.330000	5.052188	5.000000
8.340000	5.538210	5.000000
8.350000	5.640999	5.000000
8.360000	4.749101	5.000000
8.370000	4.596982	5.000000
8.380000	4.871180	5.000000
8.390000	5.029292	5.000000
8.400000	4.234745	5.000000
8.410000	4.914714	5.000000
8.420000	4.777044	5.000000
8.430000	5.796549	5.000000
8.440000	6.406539	5.000000
8.450000	5.527231	5.000000
8.460000	4.538337	5.000000
8.470000	5.586082	5.000000
8.480000	4.429847	5.000000
8.490000	4.700462	5.000000
8.500000	5.621868	5.000000
8.510000	4.971790	5.000000
8.520000	5.043717	5.000000
8.530000	5.446966	5.000000
8.540000	5.353847	5.000000
8.550000	5.521403	5.000000
8.560000	4.921688	5.000000
8.570000	4.300047	5.000000
8.580000	4.967060	5.000000
8.590000	4.434204	5.000000
8.600000	4.401612	5.000000
8.610000	5.500326	5.000000
8.620000	5.341251	5.000000
8.630000	4.517124	5.000000
8.640000	4.992068	5.000000
8.650000	4.833510	5.000000
8.660000	4.514782	5.000000
8.670000	4.946220	5.000000
8.680000	5.196943	5.000000
8.690000	5.376496	5.000000
8.700000	5.149526	5.000000
8.710000	5.328548	5.000000
8.720000	4.722852	5.000000
8.730000	5.576403	5.000000
8.740000	4.961421	5.000000
8.750000	4.715749	5.000000
8.760000	5.200931	5.000000
8.770000	5.672918	5.000000
8.780000	5.242007	5.000000
8.790000	4.434967	5.000000
8.800000	5.564845	5.000000
8.810000	5.132362	5.000000
8.820000	5.346986	5.000000
8.830000	4.790869	5.000000
8.840000	5.050361	5.000000
8.850000	4.861908	5.000000
8.860000	5.223920	5.000000
8.870000	5.275456	5.000000
8.880000	4.874507	5.000000
8.890000	5.548695	5.000000
8.900000	6.259660	5.000000
8.910000	6.482957	5.000000
8.920000	6.153318	5.000000
8.930000	4.616255	5.000000
8.940000	4.295148	5.000000
8.950000	5.272222	5.000000
8.960000	5.147053	5.000000
8.970000	4.789355	5.000000
8.980000	5.690104	5.000000
8.990000	5.286467	5.000000
9.000000	5.391040	5.000000
9.010000	5.431527	5.000000
9.020000	4.829884	5.000000
9.030000	4.859157	5.000000
9.040000	6.043740	5.000000
9.050000	5.317417	5.000000
9.060000	5.068277	5.000000
9.070000	4.432435	5.000000
9.080000	5.233486	5.000000
9.090000	5.566602	5.000000
9.100000	4.718270	5.000000
9.110000	4.513265	5.000000
9.120000	5.810143	5.000000
9.130000	4.850770	5.000000
9.140000	6.110990	5.000000
9.150000	5.984028	5.000000
9.160000	4.246307	5.000000
9.170000	5.462032	5.000000
9.180000	4.779354	5.000000
9.190000	5.265507	5.000000
9.200000	5.070364	5.000000
9.210000	4.886331	5.000000
9.220000	4.680134	5.000000
9.230000	4.229142	5.000000
9.240000	5.502350	5.000000
9.250000	4.652540	5.000000
9.260000	5.399417	5.000000
9.270000	4.698684	5.000000
9.280000	5.272243	5.000000
9.290000	5.344931	5.000000
9.300000	5.399494	5.000000
9.310000	4.363341	5.000000
9.320000	5.054220	5.000000
9.330000	4.893937	5.000000
9.340000	6.227904	5.000000
9.350000	4.824356	5.000000
9.360000	5.889563	5.000000
9.370000	3.829817	5.000000
9.380000	4.511142	5.000000
9.390000	5.319024	5.000000
9.400000	5.697184	5.000000
9.410000	5.124483	5.000000
9.420000	4.990406	5.000000
9.430000	5.366050	5.000000
9.440000	4.057185	5.000000
9.450000	5.636497	5.000000
9.460000	5.680456	5.000000
9.470000	5.170160	5.000000
9.480000	6.179468	5.000000
9.490000	6.065672	5.000000
9.500000	4.774572	5.000000
9.510000	5.056609	5.000000
9.520000	5.081910	5.000000
9.530000	5.389080	5.000000
9.540000	4.678366	5.000000
9.550000	4.465351	5.000000
9.560000	4.477939	5.000000
9.570000	4.256043	5.000000
9.580000	4.581013	5.000000
9.590000	4.633100	5.000000
9.600000	5.736335	5.000000
9.610000	5.040579	5.000000
9.620000	4.742002	5.000000
9.630000	5.508765	5.000000
9.640000	4.629586	5.000000
9.650000	6.023216	5.000000
9.660000	5.350496	5.000000
9.670000	4.798276	5.000000
9.680000	5.181391	5.000000
9.690000	5.406608	5.000000
9.700000	4.658370	5.000000
9.710000	4.445315	5.000000
9.720000	4.611386	5.000000
9.730000	4.974009	5.000000
9.740000	5.683191	5.000000
9.750000	5.498447	5.000000
9.760000	4.081179	5.000000
9.770000	4.491477	5.000000
9.780000	5.659402	5.000000
9.790000	5.723545	5.000000
9.800000	6.370888	5.000000
9.810000	4.523794	5.000000
9.820000	5.960354	5.000000
9.830000	5.058025	5.000000
9.840000	4.956058	5.000000
9.850000	3.983798	5.000000
9.860000	4.395767	5.000000
9.870000	5.584856	5.000000
9.880000	5.023709	5.000000
9.890000	5.408148	5.000000
9.900000	4.557709	5.000000
9.910000	5.854328	5.000000
9.920000	6.222566	5.000000
9.930000	4.882085	5.000000
9.940000	4.807326	5.000000
9.950000	5.665472	5.000000
9.960000	4.589018	5.000000
9.970000	4.263419	5.000000
9.980000	4.508465	5.000000
9.990000	5.515545	5.000000
10.000000	5.860419	5.000000
10.010000	4.991292	5.000000
10.020000	4.955071	5.000000
10.030000	5.647810	5.000000
10.040000	4.911698	5.000000
10.050000	5.680138	5.000000
10.060000	5.423130	5.000000
10.070000	6.078955	5.000000
10.080000	5.150190	5.000000
10.090000	4.924040	5.000000
10.100000	5.225686	5.000000
10.110000	5.196736	5.000000
10.120000	4.875047	5.000000
10.130000	4.671027	5.000000
10.140000	4.528987	5.000000
10.150000	5.517246	5.000000
10.160000	5.052448	5.000000
10.170000	4.990009	5.000000
10.180000	5.808746	5.000000
10.190000	6.108849	5.000000
10.200000	4.529663	5.000000
10.210000	5.133916	5.000000
10.220000	4.619082	5.000000
10.230000	4.231401	5.000000
10.240000	5.076610	5.000000
10.250000	4.661447	5.000000
10.260000	5.041111	5.000000
10.270000	4.655126	5.000000
10.280000	5.025388	5.000000
10.290000	5.965890	5.000000
10.300000	4.597272	5.000000
10.310000	5.459680	5.000000
10.320000	4.807156	5.000000
10.330000	5.214251	5.000000
10.340000	4.878988	5.000000
10.350000	5.731310	5.000000
10.360000	4.851359	5.000000
10.370000	5.485686	5.000000
10.380000	4.238398	5.000000
10.390000	4.758465	5.000000
10.400000	5.284953	5.000000
10.410000	5.088159	5.000000
10.420000	5.811104	5.000000
10.430000	4.661732	5.000000
10.440000	5.012894	5.000000
10.450000	4.809710	5.000000
10.460000	4.761618	5.000000
10.470000	5.185631	5.000000
10.480000	4.268886	5.000000
10.490000	5.254603	5.000000
10.500000	5.341572	5.000000
10.510000	6.269694	5.000000
10.520000	5.961438	5.000000
10.530000	5.635858	5.000000
10.540000	4.312837	5.000000
10.550000	5.482918	5.000000
10.560000	5.757582	5.000000
10.570000	3.864283	5.000000
10.580000	5.311689	5.000000
10.590000	5.599768	5.000000
10.600000	5.481044	5.000000
10.610000	5.255386	5.000000
10.620000	4.956928	5.000000
10.630000	5.168182	5.000000
10.640000	6.014678	5.000000
10.650000	5.893511	5.000000
10.660000	5.050185	5.000000
10.670000	4.423005	5.000000
10.680000	5.443622	5.000000
10.690000	5.031518	5.000000
10.700000	4.467485	5.000000
10.710000	4.921454	5.000000
10.720000	4.443470	5.000000
10.730000	4.618169	5.000000
10.740000	4.879534	5.000000
10.750000	5.277635	5.000000
10.760000	5.262047	5.000000
10.770000	5.894572	5.000000
10.780000	5.210535	5.000000
10.790000	4.763497	5.000000
10.800000	4.876849	5.000000
10.810000	5.344404	5.000000
10.820000	5.546782	5.000000
10.830000	5.151844	5.000000
10.840000	4.541180	5.000000
10.850000	5.446246	5.000000
10.860000	4.464252	5.000000
10.870000	5.468411	5.000000
10.880000	4.292103	5.000000
10.890000	4.629502	5.000000
10.900000	5.171386	5.000000
10.910000	5.368734	5.000000
10.920000	5.047193	5.000000
10.930000	5.247782	5.000000
10.940000	4.729477	5.000000
10.950000	5.222344	5.000000
10.960000	4.180495	5.000000
10.970000	4.871980	5.000000
10.980000	5.293346	5.000000
10.990000	5.609801	5.000000
11.000000	5.522491	5.000000
11.010000	5.150046	5.000000
11.020000	4.889516	5.000000
11.030000	4.102630	5.000000
11.040000	4.584926	5.000000
11.050000	4.345417	5.000000
11.060000	6.001551	5.000000
11.070000	5.519947	5.000000
11.080000	5.834732	5.000000
11.090000	4.790673	5.000000
11.100000	5.454275	5.000000
11.110000	5.392643	5.000000
11.120000	4.636087	5.000000
11.130000	5.221836	5.000000
11.140000	5.422650	5.000000
11.150000	5.504899	5.000000
11.160000	5.988625	5.000000
11.170000	4.676361	5.000000
11.180000	4.332351	5.000000
11.190000	5.122974	5.000000
11.200000	4.345308	5.000000
11.210000	4.845669	5.000000
11.220000	6.385851	5.000000
11.230000	5.162372	5.000000
11.240000	5.500932	5.000000
11.250000	5.011634	5.000000
11.260000	5.605795	5.000000
11.270000	5.562767	5.000000
11.280000	4.376485	5.000000
11.290000	5.100967	5.000000
11.300000	5.059481	5.000000
11.310000	5.088704	5.000000
11.320000	5.310910	5.000000
11.330000	4.734253	5.000000
11.340000	4.783111	5.000000
11.350000	5.382036	5.000000
11.360000	4.824387	5.000000
11.370000	4.462215	5.000000
11.380000	4.966904	5.000000
11.390000	5.390795	5.000000
11.400000	3.754775	5.000000
11.410000	5.149240	5.000000
11.420000	5.274420	5.000000
11.430000	4.292683	5.000000
11.440000	5.076350	5.000000
11.450000	4.685014	5.000000
11.460000	4.903438	5.000000
11.470000	5.172976	5.000000
11.480000	3.991403	5.000000
11.490000	5.234413	5.000000
11.500000	4.298943	5.000000
11.510000	5.318611	5.000000
11.520000	5.682426	5.000000
11.530000	5.056661	5.000000
11.540000	4.373736	5.000000
11.550000	4.757508	5.000000
11.560000	5.040387	5.000000
11.570000	5.943024	5.000000
11.580000	4.693982	5.000000
11.590000	5.258174	5.000000
11.600000	5.073581	5.000000
11.610000	4.648174	5.000000
11.620000	4.877327	5.000000
11.630000	5.295512	5.000000
11.640000	4.550553	5.000000
11.650000	5.337198	5.000000
11.660000	4.753365	5.000000
11.670000	4.276999	5.000000
11.680000	5.164184	5.000000
11.690000	5.279406	5.000000
11.700000	5.738741	5.000000
11.710000	4.664778	5.000000
11.720000	5.525326	5.000000
11.730000	5.021821	5.000000
11.740000	5.208988	5.000000
11.750000	5.578714	5.000000
11.760000	4.782969	5.000000
11.770000	5.835013	5.000000
11.780000	4.560483	5.000000
11.790000	5.367115	5.000000
11.800000	5.193976	5.000000
11.810000	4.632748	5.000000
11.820000	5.008778	5.000000
11.830000	5.267850	5.000000
11.840000	5.421428	5.000000
11.850000	5.300083	5.000000
11.860000	4.800424	5.000000
11.870000	5.383281	5.000000
11.880000	4.335534	5.000000
11.890000	4.821913	5.000000
11.900000	5.953604	5.000000
11.910000	4.735635	5.000000
11.920000	5.566121	5.000000
11.930000	4.586632	5.000000
11.940000	4.172679	5.000000
11.950000	5.778094	5.000000
11.960000	5.163975	5.000000
11.970000	4.467402	5.000000
11.980000	5.663003	5.000000
11.990000	5.347166	5.000000
12.000000	4.996890	5.000000
12.010000	4.437299	5.000000
12.020000	5.278359	5.000000
12.030000	4.877947	5.000000
12.040000	4.596827	5.000000
12.050000	5.372033	5.000000
12.060000	5.715736	5.000000
12.070000	5.022098	5.000000
12.080000	5.076410	5.000000
12.090000	5.709795	5.000000
12.100000	5.427739	5.000000
12.110000	5.167700	5.000000
12.120000	5.473259	5.000000
12.130000	5.140317	5.000000
12.140000	4.486660	5.000000
12.150000	5.155775	5.000000
12.160000	4.982095	5.000000
12.170000	4.950986	5.000000
