0.000000 0.100049 
0.010000 0.323710 
0.020000 0.525803 
0.030000 0.610736 
0.040000 0.563334 
0.050000 0.430677 
0.060000 0.293789 
0.070000 0.226804 
0.080000 0.252391 
0.090000 0.335508 
0.100000 0.421154 
0.110000 0.468582 
0.120000 0.460373 
0.130000 0.403433 
0.140000 0.328038 
0.150000 0.276343 
0.160000 0.280095 
0.170000 0.343046 
0.180000 0.440836 
0.190000 0.535242 
0.200000 0.595519 
0.210000 0.614540 
0.220000 0.606597 
0.230000 0.592622 
0.240000 0.590657 
0.250000 0.614386 
0.260000 0.669572 
0.270000 0.748783 
0.280000 0.834034 
0.290000 0.907083 
0.300000 0.958990 
0.310000 0.993143 
0.320000 1.021574 
0.330000 1.056920 
0.340000 1.102845 
0.350000 1.148593 
0.360000 1.174950 
0.370000 1.166785 
0.380000 1.125731 
0.390000 1.075381 
0.400000 1.048407 
0.410000 1.057462 
0.420000 1.083725 
0.430000 1.103183 
0.440000 1.107287 
0.450000 1.098430 
0.460000 1.076406 
0.470000 1.031350 
0.480000 0.960376 
0.490000 0.882240 
0.500000 0.849202 
0.510000 0.899940 
0.520000 0.968563 
0.530000 0.986544 
0.540000 0.955206 
0.550000 0.919961 
0.560000 0.923445 
0.570000 0.957968 
0.580000 0.992456 
0.590000 1.016510 
0.600000 1.027605 
0.610000 1.018364 
0.620000 0.987982 
0.630000 0.959217 
0.640000 0.962400 
0.650000 1.007517 
0.660000 1.077647 
0.670000 1.139584 
0.680000 1.172557 
0.690000 1.190181 
0.700000 1.215795 
0.710000 1.224294 
0.720000 1.190404 
0.730000 1.119626 
0.740000 1.030343 
0.750000 0.949901 
0.760000 0.911425 
0.770000 0.925080 
0.780000 0.966493 
0.790000 1.003615 
0.800000 1.012481 
0.810000 0.988616 
0.820000 0.968154 
0.830000 0.993427 
0.840000 1.044918 
0.850000 1.068718 
0.860000 1.054686 
0.870000 1.045090 
0.880000 1.073227 
0.890000 1.130539 
0.900000 1.187836 
0.910000 1.204835 
0.920000 1.154849 
0.930000 1.063950 
0.940000 0.996100 
0.950000 0.988113 
0.960000 1.031707 
0.970000 1.094883 
0.980000 1.144240 
0.990000 1.156536 
2.000000 1.190584 
4.000000 1.415643 
6.000000 1.321586 
8.000000 1.161226 
10.000000 1.261755 
12.000000 1.268426 
14.000000 1.242574 
16.000000 1.273074 
18.000000 1.372777 
20.000000 1.423367 
22.000000 1.290509 
24.000000 1.315009 
26.000000 1.288914 
28.000000 1.299448 
30.000000 1.350494 
32.000000 1.290268 
34.000000 1.376772 
36.000000 1.420532 
38.000000 1.514629 
40.000000 1.308996 
42.000000 1.558533 
44.000000 1.542264 
46.000000 1.372207 
48.000000 1.433008 
50.000000 1.526661 
52.000000 1.442245 
54.000000 1.355270 
56.000000 1.207386 
58.000000 1.247338 
60.000000 1.157618 
62.000000 1.248937 
64.000000 1.390000 
66.000000 1.353951 
68.000000 1.301915 
70.000000 1.341531 
72.000000 1.223310 
74.000000 1.233121 
76.000000 1.242040 
78.000000 1.345468 
80.000000 1.256493 
82.000000 1.137305 
84.000000 1.431321 
86.000000 1.304061 
88.000000 1.364150 
90.000000 1.309301 
92.000000 1.350863 
94.000000 1.258252 
96.000000 1.343683 
98.000000 1.403880 
100.000000 1.167243 
102.000000 1.133911 
104.000000 1.354255 
106.000000 1.353805 
108.000000 1.437624 
110.000000 1.269259 
112.000000 1.359142 
114.000000 1.170103 
116.000000 1.213148 
118.000000 1.357513 
120.000000 1.427564 
122.000000 1.331929 
124.000000 1.293317 
126.000000 1.434513 
128.000000 1.182689 
130.000000 1.176201 
132.000000 1.412813 
134.000000 1.297327 
136.000000 1.344820 
138.000000 1.485491 
140.000000 1.271975 
142.000000 1.268633 
144.000000 1.210069 
146.000000 1.364301 
148.000000 1.493703 
